0.055405667
0.136004573
0.186197243
0.116236189
0.152191182
0.174047032
0.162017648
0.160685148
0.125621959
0.095826221
0.222238249
0.184623687
0.155390508
0.199430602
0.192830909
0.229142523
0.190732228
0.203910198
0.300395879
0.37646325
0.219021729
0.327616827
0.247519059
0.343768336
0.216004713
0.289798163
0.321017837
0.258455786
0.211829847
0.144443767
0.330749014
0.251183909
0.265847078
0.259226504
0.351997887
0.401049533
0.313132342
0.341447461
0.307591981
0.3572144
0.341226872
0.352518013
0.364935214
0.527845018
0.354746037
0.337906622
0.463463565
0.369889551
0.369478466
0.40297119
0.372719427
0.424663388
0.41568197
0.404619461
0.547505671
0.407716268
0.461292153
0.488837221
0.470537056
0.495154612
0.424956317
0.394829105
0.460939614
0.495248642
0.502242313
0.413518027
0.496764558
0.534890528
0.445130368
0.478554131
0.570410245
0.501124473
0.551218709
0.616805922
0.601390267
0.46886101
0.51317183
0.481606506
0.558368668
0.611240772
0.547365562
0.393684103
0.628152182
0.596229657
0.602936909
0.486630178
0.526263539
0.547848163
0.479716963
0.569968334
0.558123621
0.487489482
0.341470953
0.499099325
0.533264035
0.558884236
0.646643262
0.502624328
0.451470281
0.514709446
0.571493543
0.652228876
0.652762443
0.49158889
0.574931962
0.578011078
0.560266816
0.495073647
0.616192789
0.512421575
0.573677195
0.546715652
0.538004383
0.638573831
0.638836796
0.491578424
0.439141168
0.542796964
0.501391887
0.481108769
0.532397166
0.534440104
0.56095576
0.517261003
0.57733685
0.488865908
0.487567608
0.540752545
0.559578367
0.553982973
0.464607162
0.505026834
0.629646966
0.579752817
0.593621299
0.469333144
0.455450696
0.549148601
0.517112149
0.435866803
0.53456835
0.59428873
0.635070996
0.574404438
0.611154194
0.497989829
0.569093835
0.485317753
0.604380332
0.53739342
0.568548916
0.539611287
0.550039592
0.577603399
0.519503764
0.611519524
0.62521375
0.564456636
0.583138198
0.517758273
0.575909909
0.545178843
0.594711053
0.544534185
0.490901763
0.548727391
0.488380046
0.55808307
0.534757143
0.485931168
0.469123068
0.56782267
0.500680568
0.496238151
0.459084128
0.633255544
0.626010124
0.567935523
0.591352353
0.600116363
0.625574787
0.575491294
0.520644624
0.546797607
0.603256875
0.510937678
0.5181976
0.573114834
0.519245111
0.422368265
0.562184223
0.54300582
0.665674648
0.503367973
0.48555597
0.571027032
0.524033502
0.427660449
0.524199415
0.523007745
0.493153693
0.607987948
0.587733338
0.622785231
0.551771513
0.57242517
0.458770263
0.546366055
0.639103427
0.635733863
0.579177065
0.611403516
0.625241791
0.566850454
0.589631362
0.547578189
0.49671947
0.503839736
0.479005861
0.576804044
0.42405051
0.610154544
0.5162763
0.56567006
0.420499762
0.50079945
0.432748413
0.519535993
0.558778675
0.519658465
0.64710291
0.554264806
0.521630081
0.578899174
0.607569979
0.538835714
0.49984497
0.421737619
0.431002544
0.483888323
0.585667434
0.514366501
0.600093997
0.516286618
0.523782707
0.672476656
0.501857117
0.539813996
0.582532805
0.568519824
0.479080828
0.586482716
0.533725974
0.543070034
0.547046166
0.489326329
0.584735525
0.522122493
0.471515324
0.469721158
0.575571245
0.572806914
0.672750725
0.57648296
0.472902338
0.507765898
0.486010704
0.516847715
0.430076552
0.578317379
0.669780803
0.522858698
0.51585454
0.597464525
0.612466074
0.503336113
0.649386797
0.599942676
0.587167561
0.572765873
0.597696101
0.521781957
0.663041536
0.588323136
0.565284193
0.593356654
0.615576554
0.643260895
0.642328863
0.515633545
0.558886041
0.466583469
0.522894788
0.611741308
0.526786417
0.425678226
0.650963295
0.463109136
0.677903059
0.48173518
0.548308876
0.526545962
0.473886117
0.503551319
0.601329299
0.572759499
0.586270334
0.553406539
0.526797941
0.643591152
0.555643366
0.477748593
0.552339349
0.509841435
0.434841733
0.467426555
0.528185418
0.59114602
0.414576555
0.586723928
0.622419952
0.544494454
0.463267246
0.567727432
0.535833135
0.552076646
0.47443811
0.508981894
0.533353835
0.594383986
0.525073465
0.527282196
0.578290411
0.647245791
0.473392188
0.644987001
0.536729879
0.588194952
0.535496226
0.509998749
0.578173461
0.583041578
0.508719057
0.475565299
0.634174112
0.566480337
0.555475405
0.57076832
0.485221777
0.536301834
0.59302722
0.534273933
0.533988484
0.671244097
0.488310367
0.46156051
0.520596149
0.477431651
0.665926358
0.593967232
0.646289684
0.50812321
0.54246731
0.453510912
0.490163453
0.571641222
0.634470469
0.533191681
0.529181508
0.588448188
0.523120092
0.471364562
0.580843341
0.471230442
0.51703714
0.530513499
0.539837243
0.568726846
0.565638477
0.54866371
0.396444554
0.520287371
0.624844049
0.609944045
0.567738871
0.550925151
0.540892829
0.656976042
0.624639322
0.53703097
0.539441404
0.613208493
0.569817781
0.573420087
0.4599037
0.526458922
0.470276907
0.56932544
0.520317301
0.474195963
