0.02225717
0.055947748
0.064413585
0.127285567
0.092380001
0.110937874
0.11502007
0.107936765
0.156189789
0.187763788
0.218723835
0.171129751
0.169195505
0.256350509
0.301142881
0.252788385
0.323257623
0.319686919
0.282020652
0.359413635
0.332802855
0.368464642
0.379863674
0.395811195
0.37643758
0.417292538
0.470181694
0.427692936
0.483527594
0.495523238
0.508107365
0.479617504
0.529364687
0.495437979
0.550224447
0.499980265
0.556985156
0.511270674
0.52285865
0.467914052
0.495520184
0.572790705
0.535235618
0.51930088
0.513940955
0.645354476
0.527166142
0.479521819
0.56918304
0.53532722
0.541001972
0.557595579
0.521333487
0.552107534
0.529401819
0.485419843
0.556766051
0.565258075
0.625470414
0.559780228
0.587390961
0.578705115
0.668967673
0.644469273
0.53415893
0.668453588
0.678766022
0.615345765
0.71114342
0.676777501
0.632071729
0.554382641
0.639318021
0.642093781
0.634865409
0.699568158
0.594496927
0.651563665
0.710751631
0.678971253
0.681955753
0.65422775
0.707038872
0.690671727
0.665901992
0.664099373
0.704075189
0.664478919
0.733890246
0.780151487
0.672808311
0.6660473
0.735290305
0.705381109
0.668199245
0.697667361
0.754552754
0.726371656
0.814556113
0.719541469
0.736384868
0.772555432
0.785037161
0.817344381
0.735713276
0.744082353
0.748512363
0.825678322
0.733325334
0.852340603
0.699036328
0.817902676
0.739499528
0.712703394
0.778201892
0.813103458
0.746086005
0.741714427
0.750381443
0.806249547
0.879089671
0.841808351
0.809862518
0.834185366
0.818700683
0.787934955
0.86867211
0.76425208
0.809561188
0.843352415
0.828577816
0.860756035
0.862217106
0.840240932
0.866290608
0.793126044
0.866996756
0.850523161
0.770142243
0.846231934
0.836446817
0.857072986
0.797877418
0.795866891
0.872808758
0.872131564
0.817323439
0.848895546
0.831309503
0.814665524
0.824978693
0.888956139
0.853331666
0.833654024
0.891577088
0.835709128
0.882605259
0.846687645
0.871542993
0.874680126
0.833073857
0.807100984
0.848858719
0.884041173
0.869200051
0.843520075
0.882745443
0.850708881
0.857475571
0.911266194
0.822034578
0.823211983
0.864768414
0.85958118
0.864725304
0.838440749
0.862681895
0.871195677
0.848837486
0.876742172
0.858887513
0.877106314
0.890094491
0.837522113
0.81519515
0.889187493
0.869570461
0.830942966
0.858062235
0.863254294
0.84352752
0.904273562
0.763753384
0.851408427
0.834363074
0.873295127
0.88396511
0.829139998
0.801361669
0.899361418
0.893156688
0.842952145
0.865720426
0.840105674
0.858835523
0.85011401
0.888702546
0.833969799
0.813910957
0.881446464
0.848573599
0.828484913
0.905185648
0.890202757
0.888884502
0.888059357
0.830195957
0.898704976
0.897816914
0.886327274
0.80999001
0.887887715
0.872175392
0.904117766
0.886380414
0.833928714
0.844830155
0.84128993
0.825319785
0.857099506
0.829054675
0.914391604
0.927925152
0.921740242
0.921448664
0.918784303
0.88090633
0.921740723
0.919807811
0.918013479
0.918598889
0.922737369
0.918625096
0.91490372
0.919967375
0.928463751
0.919406646
0.92995808
0.92000132
0.924993453
0.94702898
0.931739391
0.924574627
0.937532038
0.933466348
0.932627403
0.924145914
0.923383533
0.92549216
0.951382517
0.932241589
0.94122316
0.939567706
0.92790132
0.946703306
0.903954973
0.940637187
0.916119223
0.945811757
0.934936258
0.9233592
0.928557081
0.938207808
0.933031414
0.935561007
0.918901734
0.913161171
0.969358368
0.923836386
0.942565676
0.957454939
0.937099575
0.942072945
0.943807661
0.930257961
0.931964699
0.922979987
0.946494054
0.932054625
0.941699553
0.924896384
0.949226338
0.959460181
0.945274534
0.936255784
0.937264364
0.953826283
0.936992031
0.95336205
0.940485218
0.9535941
0.942194895
0.968904545
0.937919999
0.935410802
0.944288331
0.946422433
0.941814918
0.933227857
0.955356667
0.945732413
0.949422378
0.957043752
0.947537023
0.942452983
0.928613782
0.950928663
0.947387519
0.942041715
0.945233712
0.941239312
0.940709201
0.947195109
0.93771922
0.929313621
0.951332954
0.954911754
0.952454283
0.954228472
0.960795041
0.95460522
0.95736995
0.938021038
0.933802816
0.961470321
0.939663493
0.971136349
0.973469122
0.931859044
0.951278242
0.953627511
0.962908427
0.944787849
0.931099412
0.95427237
0.936923026
0.971202972
0.95114267
0.939012089
0.944339934
0.963783201
0.948061775
0.953736427
0.98082647
0.948570221
0.94228792
0.953849271
0.941905412
0.935310611
0.955173828
0.972693986
0.94758777
0.943482083
0.947076342
0.940519899
0.961439862
0.955622174
0.943997545
0.935786242
0.960445385
0.961557379
0.95934781
0.967926099
0.946350588
0.964615847
0.951135705
0.94172054
0.965258641
0.962990416
0.956225419
0.954751932
0.962857791
0.955359686
0.96489565
0.937148171
0.962240499
0.95590973
0.951078089
0.962801778
0.945169398
0.957697893
0.983974498
0.964395373
0.957393956
0.941161871
0.966501124
0.973157556
0.956143992
0.944749789
0.9579171
