0.14485454600236156
0.11633105329277645
0.31633543634520395
0.14141542404935262
0.2030508669550501
0.34337038627627464
0.38390673469175834
0.2781424961181522
0.4933156592937036
0.5312135713090413
0.5458675625499441
0.587604192576608
0.5763247444785471
0.566792103273618
0.6858222815139545
0.6413893889980607
0.6629936503079688
0.6443050168818757
0.6464822951852861
0.6872081175759244
0.5828804086613832
0.6837959985256236
0.6300255582254787
0.6132875560076048
0.6617827012736537
0.6480116919385738
0.6315435552287452
0.6771376936832545
0.6653035803273701
0.6882564745527964
0.6694581239149332
0.6426594079509539
0.5561230600821725
0.6408352380445149
0.6070480328509591
0.6203959127196648
0.670327055638402
0.6276349218293028
0.5383522673418465
0.6519627553534747
0.6237511559006792
0.651177391618303
0.620959468590303
0.5793391777223501
0.6396810561888289
0.6234211053475998
0.663484485453729
0.5066851326596177
0.5747228600592745
0.570812131466441
0.6340328198667912
0.6434259232171767
0.5544063606604349
0.5610189713734737
0.5765730344781619
0.6337823492910551
0.5311472460209256
0.5440005072668208
0.5865975139598111
0.6174513132489458
0.590527226346089
0.5882669686635239
0.6461148623176811
0.5410545077041962
0.5394683939499872
0.527827694458275
0.48063741986568226
0.5501611647073787
0.5335640249310211
0.5927495190028116
0.46943295129692697
0.5395060343564734
0.63758424327803
0.5131430520688386
0.4612273438414595
0.6285807983099816
0.5267159330700565
0.47653044581607934
0.5997344509268517
0.5457025626934684
0.6179932094374789
0.5082490970295543
0.5889509392187572
0.5609044449040204
0.5819357487113962
0.5873992119969573
0.5607012614990751
0.5313176812621417
0.5294340567985645
0.5713133199652394
0.581188071580916
0.5394442274025526
0.5974011334884676
0.5348512391774944
0.5874604863529846
0.6115577189895364
0.6259314134961641
0.5720212750836777
0.5928665633232153
0.5571429791313374
0.6434979738512829
0.6197490070389462
0.6806747007017114
0.6571621328684863
0.6057856008859708
0.5872413499072235
0.7009706396865953
0.6468008852339058
0.6289667650821839
0.6783461908417545
0.7005971379149101
0.6069101133959046
0.6690402197627164
0.674361329569503
0.6430831223265261
0.7779032837509066
0.6426802052649282
0.6747927965235176
0.716720532752611
0.6966239254300303
0.7623099936720769
0.6461923521243867
0.7244158343855672
0.7474845107983006
0.6878502994315376
0.694084484579599
0.6931146087872322
0.7248762213461643
0.8082710315010024
0.7162046620627917
0.7032962536425997
0.7712482575715112
0.6730395439317668
0.7187948371140578
0.7501594500250133
0.7093916574412642
0.7814158443795693
0.7714670331127689
0.753278890452098
0.7726831780469439
0.7473468444000785
0.7224468687568362
0.7651878371294596
0.7757649217959232
0.7491683268842262
0.7453058585155663
0.6839390130048542
0.7873884207391877
0.7422213583955999
0.7776575778525807
0.7932087099211322
0.7580799175212081
0.7751093842745644
0.7632501325133261
0.8004465256965478
0.7888076421099356
0.7215564530729544
0.802023010686246
0.806010813169671
0.7649664683889248
0.8050565785733721
0.7664933990436618
0.8392188140718476
0.8113093841539506
0.7637913903762831
0.734398916901221
0.7748660751171379
0.805956303134511
0.7435652583753614
0.808862815952598
0.8119567594053013
0.8258029102884578
0.8552452626748563
0.8171688608657888
0.7996942942290455
0.815517477323412
0.8021386634859047
0.8608946154623729
0.8542012148440479
0.7970843251590075
0.8233722471532982
0.8172092949034611
0.8560256702772053
0.8254354096600597
0.8390842990653902
0.8667850237734056
0.8464981800919184
0.8778173716872928
0.8613849367896875
0.8599057706527011
0.8263533270917958
0.826184298229433
0.8411451212737138
0.8484341878043453
0.8661755471756167
0.853496532091261
0.8654640883746669
0.8773822490692232
0.8869502098876275
0.8716883898507877
0.8441973673831786
0.8480732516295288
0.8539880713950099
0.8910346093734723
0.8816570097689806
0.9043348414416525
0.8888385411715566
0.8925961106818805
0.8555771870096107
0.9267551004324306
0.860696763916182
0.8980591214880288
0.9009183340049838
0.8645198540728212
0.8688721242857123
0.9145877035778858
0.8654421527134197
0.8924394832950583
0.8797703818592503
0.8851128752953066
0.8814472554608551
0.9072006943980477
0.8995528119219804
0.9013524482249581
0.8977311839103737
0.9138431223106274
0.9166482606960541
0.8635324153947771
0.8808849870841801
0.9051575630994547
0.9141184059020724
0.89591037305402
0.894872019484627
0.9278493183198304
0.9169998911706477
0.924181966145883
0.9114489192519004
0.9040607078890831
0.9118996084759334
0.9280367508214213
0.9183541683047427
0.913452137152427
0.9096126620719144
0.920984894505426
0.9183209929600581
0.9122584936272228
0.9315993710730643
0.9361562103058472
0.9082915365352859
0.9138256925256713
0.9298280992076687
0.9318897608003704
0.9193766440364783
0.9277872359458668
0.912129277845793
0.9295463106995376
0.9239915852720305
0.9260594276588436
0.9310622985072909
0.919331186535046
0.9242242651946331
0.9341312994208701
0.9421416012553541
0.9352274581465225
0.9313237958626168
0.9294038961321162
0.9335206674896455
0.9472954436234579
0.9485325920575342
0.9558014926904985
0.9433047132634739
0.9226146679709173
0.9446193873397378
0.9419346952662961
0.9253581042724409
0.9457537620064806
0.9416051826544655
0.94278336516035
0.9478992761678015
0.9383018887934982
0.9391333093503856
0.9438029072565175
0.9371542143175351
0.9356115184123863
0.9393681525805556
0.9524726733135511
0.9310841891316146
0.9553950028078045
0.9462680703038634
0.9543128116586738
0.945230031053325
0.9472675280916445
0.9373342356669493
0.948084347985563
0.939254576259299
0.9298303828747295
0.9383160314463412
0.9395910997779519
0.942519632025118
0.9616590436434596
