0.28909753037517805
0.33244757797244406
0.31179898023228364
0.336250535274771
0.38513361284995135
0.3318939307892014
0.35804870086481727
0.41980757209402714
0.4126738349973406
0.4101033357773434
0.47842218669707154
0.4795592602243671
0.4750995926777167
0.45716140758377277
0.5325394964575326
0.5196534969826936
0.5227057786210112
0.5237843587006648
0.562990617794586
0.5536822239685855
0.5899750242645745
0.608898732158587
0.5918784294278401
0.6358503364707195
0.6479580659561213
0.6534250665876149
0.6036460089787173
0.6352723965746633
0.6656631967877115
0.6689854843560973
0.6561645974445659
0.6491700691404365
0.6861965670892588
0.7206992311972109
0.7267519238888798
0.7102107314518281
0.6809199891179093
0.7511584099446462
0.7384039351159539
0.7451583026846219
0.7304447973789986
0.7643731695777312
0.7772456582715407
0.7874287942462456
0.8109116809354504
0.8177640262183028
0.7896031981447728
0.8030231440746599
0.8159837522219207
0.8053403612157058
0.7852865429990642
0.8328113807284352
0.8370860959369593
0.8524387830356129
0.8684260088649461
0.8543152490249813
0.8654430063680897
0.8583148501499173
0.8904716257314776
0.8993786723556818
0.8920605030296201
0.8875364112005112
0.9002614662768001
0.9132519484753334
0.9137042134641995
0.9212466596570852
0.928601730696081
0.9351756548861726
0.9338860981572982
0.9426620674928665
0.9375579207559751
0.950300217679114
0.9454754609252118
0.9446558708666899
0.9521283908133527
0.9502729929302383
0.9577891028585931
0.9521907257847484
0.9604417530028988
0.949074923685106
0.9551920146283873
0.9614296710785479
0.9583512537624547
0.9543957057388038
0.9562063525338349
0.9641037715993107
0.9623001486399307
0.9603115705426315
0.964915084125537
0.9620217480901412
0.9602519704137473
0.9630561900126631
0.9683582217165677
0.9601555898616672
0.9636501021855972
0.9668516050950734
0.9662024323508902
0.970660710283525
0.9643329581449244
0.9711448650288945
0.9718912209144046
0.9660555050615711
0.9688477193207767
0.9710106545369559
0.9703456984336466
0.9717449801934231
0.9676702770700298
0.9664841739794282
0.9694890249939249
0.9735761237028845
0.9723548358195886
0.9706322556772597
0.9749697427755823
0.9773119869896874
0.9694593673033465
0.9770950361437665
0.9705175960644181
0.9684547589807412
0.9764850419791831
0.9726334007561827
0.9804034345513266
0.9801910176129726
0.9737829903451658
0.9797972180080494
0.9776773686865928
0.9807115559652321
0.9771533904442358
0.9802403792470736
0.9746236566274437
0.9773300907932537
0.9762837207466664
0.9736826474436613
0.9787106599136542
0.9792629966691792
0.9757520334808387
0.9771875007371852
0.9808843555512663
0.9774510620490944
0.9800669552716439
0.981055745900915
0.9803795157152768
0.983528715971181
0.983126298022231
0.9813967051516663
0.9737195684080877
0.9825550476005672
0.9852020792945275
0.9777308369530775
0.9830014160088583
0.9804154226754754
0.9807407901548745
0.9819099646013075
0.9854967047238727
0.9846460237068089
0.9804076387016263
0.9822842806837759
0.9846481640269886
0.983720671238302
0.9822855703574465
0.9826881692850448
0.9816661366290976
0.9835345198298583
0.9849915288884457
0.9850586091852682
0.9875581256750889
0.9818892728571559
0.9818571769394857
0.9859722241967652
0.9883218623901439
0.9857386259408857
0.985614209255895
0.9845750010166123
0.9853556311201471
0.979534203167115
0.9870539682491719
0.9838446301411002
0.9826632191491809
0.98412438267944
0.980980266770187
0.985982456785873
0.9842570548005408
0.9886890968311868
0.9846709550561936
0.9907488928990068
0.9882727022233627
0.989966180987332
0.9835734518044049
0.988209407728134
0.9876338894548352
0.990000544101037
0.9882970056361599
0.9883880477512464
0.9912678607319331
0.9865316403191521
0.9873589256352941
0.992163284309642
0.993421592157901
0.9844927750727942
0.989786804789286
0.9887847728015311
0.9870304737635347
0.9910897963122745
0.9896112346777037
0.989471332136296
0.9898721702627211
0.9878645987743596
0.9875762367485986
0.9861969009912377
0.9918431677986488
0.9880601675892992
0.988379452832462
0.9928089629450767
0.9893958818356324
0.9896310625680945
0.9897254850642856
0.9931576190533793
0.9883503351543907
0.9908910694271542
0.9909005131903745
0.9931347552156845
0.9911406178770928
0.9909300837014676
0.9927352589052967
0.9897503700013429
0.9916656506884669
0.9919594521668426
0.9879297275063539
0.9897364334138894
0.9933777103231334
0.9912567778851648
0.993650980752761
0.987831362555891
0.9879182100398566
0.9906347065536345
0.9930542995652478
0.9896662172930553
0.9925961359658189
0.9923956251437248
0.9895900563862605
0.9887619270160964
0.9903488052484454
0.9888259250956863
0.9879999536155506
0.9936982938501211
0.9887533914015426
0.9889279485131623
0.9922809091064112
0.9917873566723534
0.9900301405468778
0.9892039137811685
0.990045040968603
0.992553177968996
0.992417622030082
0.989039514915422
0.9915119307553837
0.9907675045776939
0.9928824442708786
0.9905868188251981
0.9886105695545002
0.9907534093672068
0.9925702524722277
0.9919116538343573
0.9911843943913704
0.9927539375447886
0.9938887125080782
0.9874102611650766
0.9896669472691955
0.990390323109135
0.9933510641812333
0.9907400917504828
0.9923695244077484
0.9913168071987559
0.9924198793117792
0.9902383388774092
0.9870498987981865
0.9883581064794738
0.9878770366189948
0.9895740561914668
0.9921895307714331
0.9925009443401323
0.9874257570457348
0.9916129157034017
0.991081055670836
0.9932750146004061
0.9933784335531511
0.9928630209587066
0.9913137247621995
0.9910354307212559
0.991305388889338
0.9935942466937824
0.988656441698516
0.9924100417136295
0.9925090147397537
0.9936358769009672
0.9921441147116244
0.9949131940137749
0.9901352308807605
0.9913958032187041
0.9917899290103545
0.9903595311630236
