0.2399594213087321
0.2617827358077711
0.24924921973459369
0.2810400133740619
0.2788527669368313
0.2776364226854183
0.3324311293505387
0.31098119569728816
0.39204786643735423
0.3663809799125029
0.36779045918018166
0.44424270439742114
0.42280607209825416
0.4655653985838681
0.4320937559191481
0.4663333085548305
0.4960615160616714
0.5286548701679099
0.5130412100430487
0.5411846521326932
0.5652889041744009
0.5995940642212357
0.5804842635159191
0.5971800852272037
0.6375818996630088
0.6488898104506788
0.643627245360381
0.6686119561951599
0.6967839306257879
0.6962155905310644
0.7206477108485498
0.7365645619928725
0.7418919600942112
0.7724873529604693
0.7745593829404102
0.7656100692906241
0.7753900491154349
0.8103211788696854
0.8079615270293334
0.8317242247741804
0.8403194464799792
0.8525598306259369
0.8552452876849518
0.8715999744371278
0.8812599885158363
0.8723296032687069
0.8919288580112082
0.9022327562713146
0.9203262609335223
0.9067069637124254
0.9186637361570444
0.9249411763907179
0.9308883429581606
0.9330627828615887
0.9346694910379464
0.9325240630051702
0.9398875662653969
0.944153629646814
0.9506380761397454
0.9394138004271152
0.9483374893476662
0.9445135945530492
0.9447062352563111
0.9482395046263751
0.9497129555298953
0.9503511880339953
0.952588567180603
0.9477682417058286
0.9553024926137486
0.9516233050712266
0.9557557176973015
0.9546376433802921
0.9566663014229437
0.9599336909955296
0.9580821344647582
0.9577040118249898
0.9577082950927176
0.9565833359842598
0.9598123130934593
0.9575628861650465
0.9566327463481233
0.9617894877154539
0.960595025035024
0.9632328925523275
0.9646109100202155
0.9618836029789563
0.9658657962942442
0.9630290544079584
0.9653779853606246
0.9630778701248801
0.9600484844543986
0.963522040332208
0.9664628991428936
0.966352686938086
0.95906448092686
0.9659789729995207
0.9648235943471303
0.9673778200755019
0.9668883182589898
0.9650988246675185
0.9696284291237893
0.9684963503588291
0.9670177385879818
0.9665614735026645
0.9720377367204189
0.969249097532475
0.970877536706643
0.9688536026863653
0.9719467335880901
0.9680435788078301
0.9691300655621685
0.9708699879464018
0.9712043658652275
0.9745193439225917
0.9724128693888321
0.9741687649621064
0.9725592216226815
0.9726151377747823
0.9711255828034278
0.9725762153652507
0.978069449352534
0.9703552087543967
0.9747238207035949
0.9747135126443695
0.9715275980579104
0.973481228205787
0.9730566343754038
0.9774780378627025
0.976863922732786
0.9743055478270473
0.9728085933918615
0.9777629196704117
0.9757320458117142
0.9765117319367574
0.9770292302928422
0.9770467362513171
0.975942804576453
0.9759594935143326
0.9763323386954454
0.9809233294234314
0.9797874500449181
0.9779986857043597
0.9801215866656866
0.9817469496003867
0.9801674741103179
0.9804893793163932
0.9778745334878474
0.97848959660818
0.979385649585373
0.9794797057127562
0.9775682904495353
0.9799024414203966
0.9802310882403488
0.9788045728042132
0.9791359396385084
0.981560363387965
0.9817012784392107
0.9812559404185006
0.9802682165536799
0.9820894115072429
0.9851117324355553
0.9814236257563944
0.9828008631396724
0.979608854546797
0.9816466624962994
0.9817039006400939
0.9834783018323131
0.9823545857052828
0.9837423614333852
0.9831387695491249
0.9868544960374676
0.9827125509821542
0.9813883945564637
0.9828486530991937
0.9817912601625112
0.9842777428886104
0.9854768037432031
0.9823578802684368
0.9824248663927134
0.9835513998966627
0.9832402109266886
0.9862206959352132
0.9838842826860592
0.9833700496894574
0.9862381355737029
0.9836156133906904
0.9858272079236979
0.9847709000268768
0.9851584587121648
0.9853057152244802
0.9865833173671659
0.9852367731217224
0.9858661413492067
0.9856021685847983
0.984174538055648
0.9870525259827317
0.9884568287776009
0.9888659494574406
0.9865217256076073
0.9845161893643677
0.9857703051560682
0.9881666182380329
0.9846097489564853
0.9862389201747975
0.9850660442144644
0.9817085557093158
0.9865158134753186
0.9859529410830647
0.9848471027244315
0.9865695236615825
0.9865836028844776
0.9887826755112806
0.9866137712493088
0.9855107036902085
0.9878793591889521
0.9866698323979695
0.98591968087689
0.9887225363672455
0.9864457294762514
0.985355834362192
0.9877812979819389
0.9851635433204621
0.989010604945342
0.9848216135977144
0.9878275477584451
0.9847636016021777
0.9862636330115553
0.9861594863485301
0.9879978858521952
0.9853270434009007
0.9890447913608321
0.9885729441624342
0.9853715843902456
0.9860873852913278
0.9861890643061344
0.98680469848161
0.9893564499555673
0.9872225114033585
0.9878103597844422
0.9867657089078865
0.9850672196366244
0.9864413060115652
0.9878400361549543
0.9864931556464457
0.9885092987956259
0.9885494216834424
0.9880351222450365
0.9862683513882515
0.9875884799264274
0.9870868243371198
0.9872320226443847
0.9899037093006209
0.9853414268935456
0.9867256171189418
0.9856644026615651
0.9849913257373994
0.9873274001148962
0.9868162020383127
0.9874835786732726
0.9900456352590069
0.9891861864940645
0.9903916281315492
0.9879775127935713
0.9839930248804173
0.986339858166333
0.9875572763489975
0.9882701507214969
0.9881812990247424
0.9878286912655719
0.988030851664286
0.9881773206562261
0.9850868119441012
0.9871881898948637
0.9868657363867248
0.9873941620904267
0.9871410098068706
0.9835317209184818
0.987439372705739
0.9851861779262716
0.9849285950126907
0.9842162922855199
0.9859560092020201
0.9878032189214224
0.9876296230067829
0.989166010183472
0.9908814842511173
0.987608051935054
0.9885585198476592
0.9883151946995314
0.9852626272245116
0.9880151627037538
0.9877762737416692
0.9845623619406245
0.9867692869047389
0.9882905241082334
0.9886552706872676
0.9844311663081603
0.9838625935869192
0.9875813387639194
0.9884643735161239
