0.9458572879126548
1.029979069720794
0.9176932118168819
0.9385917508438182
0.7834129882603581
0.8100869032680604
0.8533023490234533
0.7757602093715035
0.6109791776534195
0.6819685705943705
0.5753954676253955
0.6297216519712767
0.5368903624869533
0.5039119009931782
0.599911281513853
0.7492000342986261
0.6267146718626457
0.5703041076646368
0.48652813068567236
0.5608769924200807
0.5721641697009823
0.4950950588183636
0.5113905188654807
0.663082884498757
0.5002821149854486
0.5800319218255348
0.473585341726221
0.5265937407785245
0.5308375014569187
0.4479747330562544
0.4542128645942488
0.4432105864391221
0.38252181349063996
0.44470851630522745
0.4468822027167453
0.4333312561561165
0.46254724744511366
0.4005943260405712
0.40541751304933255
0.44650571119125787
0.42502753180247055
0.46538255019167585
0.35645690195911806
0.44061048896650146
0.44808978099804164
0.33481084944508793
0.348066598362866
0.42843565562244645
0.36448164957124757
0.46141410844439423
0.38213134942191623
0.3372379141911534
0.34821680430664625
0.44743298176001717
0.4285374638709749
0.35258346572528876
0.31438569633922475
0.3448262951939891
0.3938313084146262
0.3887836311944125
0.28358398976600807
0.380365766845962
0.2915839303964345
0.3809402993123493
0.37439111475435005
0.45025807726752803
0.3481025392844173
0.36708080837297874
0.36484095855076804
0.31271804112660834
0.3141333914799044
0.4002353833919221
0.4113905602737017
0.2977543978813838
0.2753162012658624
0.40910782003524504
0.2797330627767043
0.2692242095818101
0.33011279706277713
0.32601015324165183
0.37691755722795783
0.315400960799988
0.27500306697707244
0.35055280946937306
0.27752863096997327
0.41283004689075237
0.24577127559913503
0.20362585644100636
0.292057768141131
0.2987753309796734
0.2986345606653472
0.2785094170213548
0.33083211943559326
0.2820882653501107
0.27251435591680295
0.2855612478135344
0.2120721405682943
0.285161241930625
0.18109011066021152
0.21015511507430862
0.33479411304375917
0.338057048987266
0.29947224664154176
0.26160609564475124
0.2989164282230634
0.29795624176250196
0.3234093542613368
0.2129972529889669
0.2916114876814784
0.3016155344792305
0.31503575003317724
0.21724720823173121
0.29901068002342224
0.21753348746943363
0.24133635160403633
0.2587179082028256
0.27781923471099434
0.26066866245201414
0.24476952609726887
0.23936135429682054
0.2132697284456393
0.2227392606365032
0.30253858825474383
0.2564968637492554
0.252490281709545
0.23604415444589139
0.24140321395434966
0.2773883661673859
0.2247548717123348
0.21663178360459048
0.3226349913044616
0.2267936608852279
0.2838957195691573
0.2749087574217953
0.1920035336668921
0.30772915732614037
0.2545593411642863
0.22140720601773856
0.2642538430059811
0.2030744647759904
0.27487694102960447
0.30306913898256327
0.2160787305929878
0.2593494528327366
0.28804150636315723
0.2550481832950604
0.3284129398575115
0.2853584983750871
0.2508020513048558
0.2403167108035369
0.2145751139079079
0.2594297078711974
0.20150711599970336
0.20110127418482984
0.20188940171482886
0.2519230635423943
0.20315978656862588
0.26029635187942246
0.2616875066260278
0.2893649103521331
0.21939318677349653
0.2053100164429053
0.20253691361426784
0.14322678142843462
0.19356678139895478
0.22641596041582987
0.2511808191317047
0.22996529602805366
0.2504000138129627
0.20222984297320643
0.2158754626503152
0.2566907797250628
0.22091706648049558
0.1825511379775645
0.22418976716762068
0.22729870172314737
0.23126442971034195
0.2420775590228564
0.19432314983564983
0.1799382046835264
0.18449554373426508
0.1883937547192116
0.19867969749417178
0.24466006372549448
0.1662902510843019
0.2009321289222779
0.22947011005293744
0.14540737688549984
0.170886891317212
0.22990465142966626
0.2188696310425704
0.23016894649640163
0.24790388992728718
0.20869516547484795
0.1810249528497209
0.20878711625438223
0.21743808781948784
0.26051289667495586
0.18894627272512457
0.2083537413877678
0.20017293814712103
0.2470505742409263
0.18165682393844296
0.24938249981468016
0.20138790569267379
0.19150246207611193
0.22390775489895468
0.17388469931617498
0.19669201357608837
0.21183966447617708
0.19911921732702176
0.21816447755400709
0.21804261380626358
0.22707307378884437
0.1846244789470952
0.15781095471781986
0.1626829828765287
0.2184825724603224
0.15696711205094066
0.18129471407353165
0.19283722250706045
0.129245654114166
0.2136459793292455
0.18588094889067203
0.15492986726844543
0.2311534315209359
0.12356582159260018
0.15949391362196755
0.2027994170458657
0.21424777264266628
0.21976462281147463
0.1652799416607183
0.12706769516311484
0.1601628389130705
0.15491180803166058
0.2168152781031333
0.24646242176550026
0.2749335806905968
0.13589833338571114
0.1618753643607799
0.19775445399974884
0.15454430039830372
0.20491275757620558
0.19084055890109003
0.20845257853816923
0.24190664195369177
0.17870404350850855
0.1306535715721474
0.18432219076631431
0.21208138684006586
0.17789947293201852
0.1812785936577169
0.15677556124232217
0.18900445590043352
0.16841308060984733
0.1474048074485942
0.1886493091725113
0.13366668799902484
0.11381434061921473
0.12873271583738102
0.11028394044000418
0.17754721960749534
0.24893100088305814
0.17841246891480927
0.14991335577428205
0.12601415072951802
0.11904431081128133
0.13358926639577684
0.21064085242426808
0.1614639965634944
0.15268752875593863
0.13726058634439672
0.15764317608935002
0.16475901424055084
0.17214747717324777
0.2084254636954896
0.15974509929720435
0.16303967297148186
0.15396052576785127
0.1329918290539951
0.16608015761308226
0.14861950824533496
0.15642912053584604
0.15646933948139105
0.17390342339959955
0.19023529677607656
0.1637884973807132
0.11703394005308088
0.12391329728352049
0.1690476854807808
0.12504220088618015
0.14529571341432296
0.16446079479592574
0.14137236440970619
0.14871289344356267
0.18244369082124745
0.18967403860068768
0.14497961366742884
0.1689117939388844
0.15965764873428628
0.14566507660288044
0.10924362123141806
0.2242004141769322
0.10650598442215123
0.1897194952418553
0.1559836055241589
0.15927487794280532
0.14036100874856386
0.1744956690572327
0.17419554959105726
0.16583271819891054
0.15760603972679652
0.14763439650482751
0.1920060864345623
0.19516383732269135
0.11499119540793964
0.17009425296313654
0.15036438627672238
0.12009678675839108
0.1416875195404008
0.12601892834781497
0.16750489992404188
0.16496594422418642
0.20525730898782032
0.15934953057081722
0.10418336625667905
0.1671696387199413
0.13617049633513498
0.14455981973956844
0.14267327223245949
0.1790343741199154
0.17112808757493797
0.12405604893625584
0.13011227178807225
0.18351273824050646
0.18367904727030515
0.12826533364130377
0.12439824560308961
0.12763464682130518
0.14027328730719738
0.20705216394545486
0.11485614384286105
0.1427783682926979
0.12613588158164615
0.19223235541718725
0.14647332420732412
0.15174117822803254
0.1540732046153718
0.14173706514750867
0.1286111342199286
0.09076458005368168
0.11897449999976903
0.2130278146294223
0.1278898924407533
0.18031872272973065
0.10890766329803674
0.1707891956868845
0.19765894511995524
0.13638962263516372
0.1397998462894639
0.16539945759921523
0.1723963823602321
0.15548557662251625
0.14704399907151397
0.10760029104863977
0.17180625974266558
0.16270551242611625
0.14609680781229392
0.15359439143950976
0.15884725416374107
0.13360585969496405
0.14873718494344695
0.11246858915185742
0.12531516672678597
0.14183074495816334
0.18484661612680237
0.14708170011416005
0.12338996882889317
0.12174350730295876
0.1380616348072074
0.16007267224813174
0.11107163502840486
0.11536495517402881
0.11895385822033114
0.09228646676414529
0.15951810450743015
0.09611276066256977
0.09883505989172495
0.15363273894785204
0.14090070922455503
0.14995554850824627
0.14657003281728836
0.1583628959315597
0.09926539851595709
0.18049151075820988
0.10104780801978423
0.15548488796634483
0.13168864921895587
0.14495338009180064
0.10966555682491679
