1.0832993611580213
0.9564813318534229
0.9329027954325543
0.8298190563424525
0.7775574091805935
0.6593666914761849
0.8257245353603953
0.6006302691299065
0.5481374860164275
0.5819545591131723
0.6044377195509533
0.7402761571958096
0.6867222219961231
0.5720516967786804
0.5899356252211694
0.5773847964620512
0.6484174500805993
0.38830011331893155
0.5031616023642764
0.45891892417196944
0.5444021448481602
0.5995580267879205
0.41192059108855233
0.6748265695941927
0.5093553983100193
0.5887351712041873
0.5593793526211691
0.5382299824143111
0.38359505646580117
0.6375187327669305
0.4782841008535833
0.4125491806064628
0.36727539457342095
0.4646694656102447
0.4339415845781838
0.3911450481143225
0.48601844447414966
0.4815157923445537
0.4513126357499492
0.32795160517563027
0.45422316921218064
0.3741669807020528
0.3987938954635895
0.36286024956277735
0.3725550841496016
0.38330958263573617
0.3626138483043902
0.34728074355953503
0.3159564871429599
0.3611935515103341
0.43969201772963135
0.3430988255873301
0.3883012714261056
0.3627500791193822
0.34188162690437557
0.3273834619305038
0.42623722095239713
0.3868769172260581
0.3954282286156557
0.4104199270762477
0.3114066443236091
0.32297921747423086
0.33703380389700505
0.370631140278477
0.2960483476205743
0.35828373652283246
0.31925123230050784
0.3362736318928559
0.25063394811911555
0.3566027741627281
0.37953782251436663
0.3644227776275635
0.43292085222132526
0.3249603744144768
0.2400977882167898
0.3329791013400797
0.28544506299932204
0.30440425225951057
0.2089939378260337
0.33426129358703743
0.35038802965109245
0.33312344209398853
0.25400856358898133
0.24348311701597475
0.26447241054495285
0.24152562795971338
0.3035213624827865
0.22434045388760024
0.2372466013291677
0.28808960438808145
0.27903390205677747
0.2578753105211202
0.318432258050922
0.2744256337643841
0.2623433127016198
0.22905537627315278
0.3294716016886242
0.16997257314324912
0.248376152747018
0.29498122662196674
0.2751327087179965
0.2958738950652965
0.24439060241735247
0.2544832037405026
0.33888816031822866
0.25150894454800965
0.2672654073565456
0.21684388400577442
0.32329488641035087
0.223328015602561
0.2553178140751905
0.3182550878385713
0.2834112013873577
0.20468839262888322
0.27257525541015787
0.19749254087083226
0.2900935500720469
0.3394571955752034
0.2757173091037798
0.27581922607199993
0.20829367679051392
0.2528726667015635
0.34474704620052493
0.2675897775652962
0.21404417014500465
0.2059142519362232
0.26760832011464075
0.29699217467915145
0.2549545593269655
0.2596584329883926
0.2828481012150052
0.301819364126258
0.25747348544374465
0.22686586201406672
0.18941132329789417
0.18368110313667632
0.23536928902636983
0.23507347084345892
0.23627509130420804
0.19975699304908212
0.21537568306863974
0.25985058921928855
0.20592079969026922
0.20170800627147512
0.269338497990189
0.27274368993799186
0.19977878549515685
0.23872680691085355
0.2720055050865388
0.26079591894568194
0.2674685468185872
0.27680690873662867
0.27808166769246456
0.19656947802042696
0.19605243186202137
0.26144072539386504
0.31012035213380373
0.27720791004383044
0.1833304339398185
0.2808094645005939
0.14195210794283114
0.19211157406671328
0.16733763562028678
0.23634848451374388
0.22465523941066542
0.16104901861472926
0.207446943869188
0.19731568229982088
0.20307754725864294
0.20364955893354875
0.20213214258970572
0.23905270663725017
0.14357633452557206
0.17119728205388077
0.23249934029511796
0.19533109220380293
0.2213617494075634
0.16917099112415926
0.1647169950722996
0.19383125986506736
0.19914902744372096
0.20317863165716993
0.2144632463912183
0.2078874402697196
0.19690943747971737
0.23993631062941892
0.18646003218943946
0.2236479381275415
0.17538740157317473
0.28509566095681277
0.1624833152578683
0.18913020908840497
0.17278948224209084
0.15508069485191303
0.2212185781488456
0.2085505196392068
0.11632914959686873
0.17036550196014383
0.17709227649252451
0.1684775929927919
0.19195115130463752
0.15562885082086284
0.2526619993309872
0.23044558459938186
0.16359841741693038
0.18832954161346094
0.1473911421810517
0.2047201568694479
0.23826166832703816
0.19577904017642767
0.16290598408356222
0.16995660981864025
0.18337723787040738
0.13526409848853946
0.16611204031321825
0.15869248706385275
0.16891711029090828
0.14746755737562056
0.21955462882662286
0.16371735301687348
0.18642290093736028
0.12280260766009114
0.16771097645487087
0.1490051954072136
0.17522766331391684
0.1957996538582892
0.13082537986416026
0.10335536058799152
0.20840549048759974
0.19586390709383666
0.1564706379099515
0.24181700664772401
0.19772374954212496
0.15058518226421685
0.14913167517473064
0.10357678629326117
0.21438310797993668
0.17754121514746962
0.18720791602828374
0.13194805794340517
0.171362808998151
0.1355679015486886
0.17561689433333239
0.2987051428426866
0.13979011297222238
0.1774347169584874
0.19375970504150938
0.1673214488106794
0.16169177583352576
0.1576000932285299
0.19596645655314307
0.10434486607110327
0.20795305508899692
0.1446699750922377
0.08096139589896
0.16929928618814344
0.13471623248787284
0.17071529899872426
0.19738913472606842
0.1715339389546448
0.15757185850648886
0.16266342295478245
0.10836047233262473
0.20323491696760593
0.14398032494600674
0.16742462736694314
0.1558240680949398
0.18309052344352678
0.11303046276809536
0.1125449970690255
0.1487102531984293
0.08914585755671667
0.17885793966787938
0.13149095118350146
0.17926686045631085
0.14898883541672683
0.1476898980605815
0.1604928143408356
0.22581971298030487
0.1733318164509869
0.16983573540302613
0.20832003224778567
0.11377085667148543
0.1587466248813797
0.17572587119870997
0.13417234864176464
0.17163667129843224
0.16061651842104985
0.148602822528409
0.17305952099567617
0.12836307933858948
0.11359142522309162
0.17155047965447365
0.11122448450645502
0.16108353816330268
0.1290875681366683
0.13871209901159742
0.18790338770680434
0.14175713374939133
0.18428797015235263
0.189578436952518
0.18078371501122065
0.16038779472766673
0.17707719937540672
0.15814484557656133
0.17027207332233013
0.14477634073064977
0.14501606133806982
0.163128455515895
0.17323192902563814
0.14627097840410638
0.14014624773895237
0.13816238578749568
0.1439888910055419
0.1325290411934329
0.1595430709651342
0.09361118433696401
0.1315225132113958
0.20687511511557943
0.10602711019337026
0.16135376665055015
0.13517317333869458
0.1093232264537192
0.11895984228762821
0.09235355637550398
0.13128352916841102
0.15701328364128483
0.1518848389597026
0.14561826930214516
0.17082999913402921
0.15456136186657057
0.15204258229692882
0.0978958034421412
0.12076634178371384
0.12791816904589073
0.12473024403132618
0.1348783619161174
0.1526221363838
0.12042163756056115
0.14492673332810269
0.10206883872743114
0.09838067663450525
0.13895756322066277
0.13815285036193264
0.1476254894487545
0.11528116706726584
0.12977629910184202
0.09279428309333781
0.10394712070424084
0.17044297196978778
0.15704275364530118
0.12474123654899497
0.15703083791659445
0.13640506267082733
0.14481907496698387
0.12991341880180388
0.1381319898745393
0.13353455537509537
0.1259586727117546
0.11455668195272636
0.12638064598424276
0.10638057296596945
0.13334996277087324
0.13230775999040753
0.14984023549043676
0.15280139447061833
0.11589744859052475
0.10440827192862046
0.10074123050595314
0.16357928291158425
0.17366183678224273
0.09131268007288969
0.11498458388825969
0.10726182804530389
0.1525789337285009
0.1311652154042652
0.13594472706516386
0.12143876822855179
0.08187281676478703
0.10970081795594389
0.18318039125355398
0.12504012503692652
0.1158354189570909
0.10251268255531124
0.09888741808736846
0.09340351475704625
0.15495131778760934
0.12496043409474807
0.08783596171601896
0.11317455785723281
0.09853843817511092
0.08408689928552703
0.11525890960603402
0.13138801476180562
0.12259329016507518
0.1789729375900208
0.14819955057960504
0.10063814131121677
0.11996264651981103
0.13782031828089755
