0.9346029299870324
0.8033852552590359
1.0018333789859755
1.0962812825142916
0.9495705192080713
0.8706067114933763
0.8633926138004894
0.8118562121283688
0.8269879137896335
0.6800520407014419
0.6411156909987732
0.6734457712739966
0.6649974644340442
0.7412684044110323
0.7488731528121423
0.4565754829491565
0.5011685493278256
0.5488621769567991
0.5610611135284179
0.5197864352881396
0.5266362325575907
0.34504702087396644
0.5128586789919113
0.5590563958165681
0.5572021153092958
0.47634349605219883
0.41793987642501207
0.3917558888519205
0.39289069397797377
0.40446428070015344
0.49381695496721123
0.4104120090988266
0.46195605177947296
0.39617417025179524
0.39169041122620346
0.44377689724626723
0.3771919172822891
0.5563348216511204
0.40920158850489774
0.5073772078795737
0.3785735152734784
0.3678072051193287
0.5521227556576188
0.30970871498349595
0.3580429272664338
0.447633405047468
0.35360695596582625
0.3206323138610673
0.35557513539103547
0.32218819514494834
0.46974753169828976
0.28455074295713656
0.3576607206194447
0.39176635196715104
0.3902812871225181
0.4125350886229958
0.38424682017612605
0.3655682362489475
0.432131306666243
0.3517361836964629
0.37550324766274606
0.35308094464980566
0.41913692389192203
0.37487103138051303
0.29032449276395145
0.29217517443231655
0.2849775658154573
0.3511902704297718
0.3839475238466271
0.3499732349015129
0.2868690302286152
0.4384325280176206
0.22601200300844101
0.34158050188684014
0.3121969288056664
0.2712168356055441
0.4027660138261201
0.31284172989218817
0.30678599760695935
0.26070923603848545
0.31701268876530464
0.30267758769609077
0.312027827951796
0.3014495165728053
0.2636342499928427
0.2796584661901076
0.30708052866136903
0.2698609290395682
0.35153148275986373
0.3946810239226127
0.35003240199605967
0.32394449619994287
0.25283502785476053
0.348448495479499
0.3209373559786493
0.2519623706419105
0.22297293595139495
0.23155424421519122
0.26075550136686054
0.2732513656319085
0.25484568067832003
0.21007672388878307
0.3015706761004737
0.2527839311408563
0.187392219504827
0.2526143714504151
0.2219325668507544
0.239174769336406
0.20640466932677365
0.26047833884481714
0.23145487915527094
0.30911090245534234
0.3001971625714196
0.3146352020805487
0.22189082330080886
0.22567118126883137
0.24898258299141424
0.2193033514616088
0.28743611253859036
0.2251141986392778
0.34801061837051794
0.20661050817928528
0.21685684025486038
0.31294879154055577
0.2289195534080116
0.183781355023169
0.19464007442968073
0.2273773508191152
0.25972711316597225
0.2121241244845729
0.28743622500870225
0.24841548086441784
0.2990153636085974
0.21741792764575937
0.26403476113679075
0.22146727480275114
0.18993622934925117
0.19999062908641335
0.2686036827104229
0.27084850890900963
0.32294893948597153
0.21587930860428348
0.24889423469279012
0.18179921297608218
0.2141193756284608
0.1951179820799756
0.19209982004012868
0.23362350944626709
0.21625319262691076
0.30312338547215784
0.18204481243113824
0.26508831551598744
0.16085355607393512
0.23672554720957276
0.17572092610141282
0.21985436122967222
0.22886561955357876
0.18691160592575948
0.15148013979512523
0.2296337032245254
0.14806937816166585
0.23689675738834426
0.24003305623298554
0.2279859952258278
0.16308742269746543
0.1982002720947414
0.21398364757977176
0.17915750402267555
0.21864918334969952
0.16453366277557194
0.18182882077140483
0.23931174458196414
0.16743330915867344
0.26946479989782285
0.14670793257892464
0.24981094420222916
0.20504515002664178
0.2563770511094092
0.23425771719530478
0.21685203205879153
0.14555843775992947
0.18659256079861158
0.1832277313160265
0.24751945398519098
0.18749678722880925
0.1783735628512833
0.17445928956873935
0.28442567243509437
0.2206400165990122
0.228757069785344
0.13238503334284177
0.15776719332393419
0.19333842153522296
0.23962441432983547
0.16588478087392128
0.17235234970315677
0.15936738087015942
0.18808843009933462
0.19765048435967408
0.23898895715645868
0.29202736022326115
0.16727096727997653
0.20744658967100366
0.1503961239648165
0.16321173076712528
0.15326126213275618
0.22485672817194396
0.17227743232458642
0.18209394151916394
0.18012385527228503
0.15202079665545534
0.2280284523302259
0.17436174448087194
0.22221869976067418
0.150279375791961
0.14879154680156312
0.10529073072875747
0.17143003445091204
0.17053993656917377
0.26275594417098136
0.1137272203301429
0.18751652769141833
0.2151247734083285
0.16431732075006966
0.15573741702001423
0.11422054437353073
0.10314523886937407
0.2220210242842744
0.19900959577360877
0.148664633456121
0.18871959139460293
0.12660222948531252
0.18439614942315402
0.13190104020967802
0.1964405803302421
0.12688673571440018
0.18196739103201082
0.13768501738186267
0.15749806901165653
0.14930049472249768
0.19415446912376236
0.14923490197579722
0.1474773743003988
0.16915817560340557
0.1858225730347903
0.25432933784936484
0.16289195855276464
0.13670144769285394
0.14033253206523483
0.2352213318751828
0.21487263236916743
0.1375283474954196
0.111889537185314
0.21351073087555808
0.15295901842797763
0.11403220782911756
0.21699550792155073
0.18080726185324864
0.23531937634792643
0.18337637138843335
0.15327568945753228
0.1402426533412901
0.17616975680538813
0.17990107021265495
0.16997879851987724
0.12615510341382782
0.12072071015068095
0.15430855585267064
0.19840012141033686
0.07983981980400237
0.17448621825608535
0.11502100589074002
0.19353279687964173
0.12118281968837072
0.19591809741844682
0.15696921660077762
0.22968739277170522
0.19072923938058278
0.1299922728456999
0.10609320407096741
0.11483905372802172
0.16732773117228622
0.18345869225190328
0.150171363014334
0.19750394589476003
0.21235755756199567
0.1347663481596364
0.18601610291264048
0.15999073711581918
0.16447054367086872
0.1920222599964275
0.16055078223251915
0.15458847186748828
0.15470090248219792
0.1195053946321121
0.1768062300571217
0.14076316420415733
0.1474383166714137
0.12500496738311123
0.18114628769568183
0.11554129948838401
0.17011030575764016
0.18442939392539945
0.1358367946408734
0.12525320644625076
0.18086740056247658
0.11705351675975413
0.1759135399457346
0.19361651710452693
0.1538147652718381
0.1777396354062623
0.10944382338103446
0.09098574645589033
0.16775299693925477
0.13749345884686132
0.14217382380926133
0.21685943776119565
0.15666197478659344
0.15186827018261337
0.18583808638738214
0.13706822082610257
0.1174659703018442
0.17317480598328144
0.16350107969791744
0.13983712049109215
0.20483591010307772
0.08643998097344344
0.15516596439018948
0.19211796015584504
0.17275681100798812
0.16584340616351753
0.07571486963910265
0.19133065788099918
0.1055508392556583
0.13907137353227542
0.15233442803668606
0.09673744819522992
0.12983173678920265
0.12527921640696787
0.11364497819873516
0.07803231850789608
0.15225536807286513
0.172871981373356
0.1240045729216144
0.1311260276921479
0.09692677167715258
0.15550718634108981
0.1532416222833552
0.13005610677600496
0.09930878743496314
0.16078087570420257
0.12916231566980288
0.14188731459478207
0.16280201622763799
0.13682398839434126
0.1441709598884936
0.13562287646102075
0.10763732363479397
0.10580583080166613
0.08871992879685475
0.155267491184265
0.09310171966680698
0.14767293586811617
0.13150746546089914
0.11653075633586511
0.1054560425205933
0.14527400365097262
0.13631453926154935
0.13796724861509893
0.12889983126913976
0.10387063908338016
0.12849193325462183
0.1446552158445373
0.15091996694867502
0.14435224477634526
0.16281225400597227
0.11883543262709995
0.12484924976009551
0.13138941913907315
0.15092605706722745
0.14010878425167939
0.1801930530056725
0.20344904889414733
0.07232910649483049
0.16685269721047594
0.12213609819623314
0.16819836171142727
0.12215440730886848
0.10633140553686475
0.10001150159829539
0.11353356153510999
0.14883342419141382
0.14289608096232922
0.144670601858733
0.10442907580164226
0.1248789059677637
0.1729702705760819
0.10624189539966344
0.12184873295836714
0.08716060888714781
