1.056744131082052
0.8981178877773381
0.9059766304344544
0.9245828475978319
0.9172228597938801
0.8245568244842078
0.775489061685574
0.6947011401394173
0.6885213420471421
0.6558229443416552
0.7688465446122169
0.6360990963319165
0.6197012123487228
0.5713494568068092
0.5739599229986954
0.5586543509559105
0.591405983553855
0.5192075643444017
0.5300013839881604
0.5621630936454762
0.5542075367083383
0.5537660475008565
0.5425304920776336
0.5515589835242167
0.502872517521714
0.5781107979002446
0.5406245915381948
0.4302053234401336
0.5591131698134847
0.4640998221678247
0.38684725677066073
0.3555092795390751
0.36632838741554924
0.4438455450418279
0.41038267626276104
0.44834603309328436
0.4321619507078869
0.4833367707765652
0.4777108012997891
0.3792868713284128
0.3636937422117528
0.37489954609545884
0.45844424418374885
0.4243515183276818
0.4889350890138172
0.35429263421770946
0.4342420666116822
0.39959629222035054
0.41306109331100416
0.3680952965978774
0.3597076969896023
0.2901690547960635
0.3456885817606033
0.35245432419128725
0.35050768060143317
0.3932309141819644
0.36110597401892003
0.27209642864218325
0.26607850440480163
0.3728110539055782
0.3175870946715059
0.3701948742398164
0.3783715724445961
0.3674891576331031
0.2427369577380413
0.40883824617751163
0.24316952694785843
0.29838511132716444
0.3304996710998083
0.26681941335991854
0.3222669916717723
0.32314979451444026
0.3002907757402387
0.30490685045241706
0.3486167516154177
0.2539332334892483
0.27049870892975136
0.2511376186042546
0.2741326361569964
0.2811780108433993
0.23438586993590377
0.29350439044141546
0.2631615718227064
0.24384878407191057
0.20045786669471655
0.31550853899420445
0.2303503100565633
0.25870989496721153
0.2756817459050136
0.2068809065267762
0.315293572838682
0.20299829556218585
0.2687729574237019
0.2955193099005312
0.23058374465093792
0.2737964386508754
0.2913639153573234
0.17656819741313015
0.3044495586899981
0.23892728770687638
0.300411626628014
0.20322940011406598
0.17230861156137128
0.2240286958115679
0.2462537442272033
0.1301879565716586
0.1739735577758214
0.27751352144311925
0.23118818533200597
0.2664327953944491
0.2319979612933046
0.2779072078813801
0.2431638534176309
0.3125587802622712
0.2274784404458862
0.23359660686873224
0.2274165731084557
0.20315279176940865
0.2037316949750733
0.20566036300383753
0.21490180624416158
0.26218084839063627
0.32331157087356516
0.2699663998093687
0.21201220299563941
0.1778925594004195
0.2026950495592001
0.22218730545761808
0.23362932634005912
0.22873836367834105
0.14124187422918028
0.20005669197839387
0.25713762815319746
0.1597178003113272
0.21093241011941477
0.1799334863998672
0.19747696304945309
0.23010934037354525
0.16462344924704964
0.1903161584727065
0.23220732803994162
0.26035778008202887
0.19642240326308244
0.2324462594902364
0.22509593424872323
0.19831281167087464
0.2642709664352496
0.14871844857355482
0.16835734478416559
0.20956813128021873
0.18421065307316412
0.17114255581726454
0.1507564474786303
0.2130560577137973
0.2282241642069282
0.1698159600222296
0.23380962506690056
0.23347272350166914
0.18576283053391313
0.19291707688866988
0.19668994233906673
0.15351394484315425
0.19748879305054198
0.21941230291716826
0.17764929585687717
0.16586506531422482
0.15540321496227225
0.1983626068276953
0.19266940382648276
0.15631383242670532
0.13086616345297092
0.13194252190282774
0.25767764960819883
0.21033893791695438
0.16729462392730166
0.11774871538610135
0.12974949120067283
0.1917015054688131
0.23839232670406224
0.10109397749691904
0.19730482155452486
0.16157505939963895
0.17551233748155265
0.13265060365133702
0.20059996912198538
0.23141253840485349
0.1545337449754453
0.19546045517710808
0.22092945407657982
0.18514881396566688
0.13615564744333344
0.14594153480129285
0.23022889249908318
0.13156635270444322
0.1782290768376043
0.14665184963146766
0.14286817652514033
0.17929820556571785
0.1975309184071477
0.1788211637877109
0.2015539763201421
0.10596001054797739
0.23074716758048205
0.1563911361515405
0.15378133721678874
0.164501801118408
0.15243261094953012
0.22779147108228726
0.11676420987592975
0.18721895917214615
0.11594119250381998
0.19101079593368486
0.14027369376872348
0.12578395342142268
0.1451446318613082
0.13076315477035022
0.19240054553121033
0.1827100182293104
0.19342178463337495
