0.3879625177242851
0.4367764849724042
0.4657612889383653
0.48419723051076885
0.5796210328146177
0.5323518629606668
0.6017067888883256
0.5768485262684993
0.6494071502389575
0.655373309608438
0.6600273498462557
0.7033139088509552
0.6623441746143685
0.6757118407479573
0.7012545017864252
0.6779045597491492
0.6861436446031752
0.6994440109229194
0.670956734788583
0.705981008787769
0.7196330344792798
0.7070240687292455
0.6858936490159665
0.7271640955614364
0.7187716483212491
0.7321319733771381
0.7180027363473165
0.7107571066462924
0.7351823290853009
0.7373696047678957
0.7322170882308507
0.720778939404833
0.7203967400737702
0.6982242206137632
0.7179070512856972
0.7215981104505282
0.742423022100733
0.7329833535562396
0.7551864245496306
0.7736870277879232
0.7405503813402563
0.7650798824336993
0.7234450883732653
0.7213055464480531
0.7412968678859424
0.7303176682259427
0.742581568705204
0.7544516492082959
0.7575438446236836
0.7650599865418662
0.7591575415088664
0.755366547945586
0.7482265543114405
0.7519196160417951
0.7624891005300246
0.7500531897082822
0.7434564039158372
0.7609795199054046
0.7675033566300762
0.7658828554638377
0.7606377604746386
0.7638707145138176
0.7624325308811484
0.7839262188099034
0.7878537758814083
0.7823614639282344
0.761638594549486
0.7579579108973759
0.7719506210904374
0.7772056003191897
0.7679264471665945
0.783959027418635
0.7698827431512696
0.7738134435827715
0.7591365372316263
0.7697550159958733
0.7970246598108545
0.7692685051904011
0.772545348267127
0.7723699779634833
0.7861854269774329
0.7597969760497769
0.7787404273495799
0.7837191200189211
0.783987966617094
0.7870190018146697
0.7875629315621914
0.7571362852726076
0.7913650687299725
0.7870771736139222
0.7684402986340895
0.7690645084258999
0.7754437896234335
0.7889343438708406
0.8011010042418999
0.78636012439116
0.7779148445378314
0.7965923259372795
0.7731643845222311
0.7702584895081526
0.7959855998373528
0.7910366093966219
0.7735047182916552
0.7835159507633918
0.7673693266930918
0.7471908360648627
0.7806796946277326
0.7674258826629284
0.7839329382927149
0.7829778130117526
0.8019119218803643
0.7888090707428227
0.7941355491120555
0.7913029212433157
0.7934248898604729
0.7825158190153855
0.793875848101513
0.79863285574209
0.7807919433993533
0.7709862820150387
0.8012421610678008
0.7802353898141732
0.8026374601604218
0.7932481407212333
0.7938434566061967
0.7903583670887286
0.7919146059952106
0.7731307299636023
0.7923161950278119
0.7822441506997247
0.7931602393248733
0.7848950756766512
0.776289684391984
0.7822327541986402
0.7795745758656781
0.7684966952165116
0.7846566571450938
0.7870548609282806
0.7699780850839507
0.7996466488471632
0.8043811109085144
0.7979558890769773
0.7872509338222845
0.7946017778458858
0.7798083004370611
0.7723325040849434
0.8088584991820145
0.8018677389222709
0.7840944743009733
0.7982593534945618
0.7913811371952496
0.772282332329649
0.797983139785659
0.7849221100453656
0.7632349063790589
0.7818911854975379
0.7683168370658254
0.8065424102669516
0.7958336645361808
0.784380525380114
0.7931924280903024
0.7912585472932523
0.7939199187945013
0.7948178671995185
0.7877128540267508
0.7883272988169499
0.7672927030240428
0.7945351975877137
0.7921175321971463
0.7849257960374556
0.8009430251255395
0.7899829350373011
0.7983038133195965
0.7944741532693826
0.7818940060322179
0.8128228768080941
0.7825152525004851
0.8001296801661372
0.7974342217652717
0.8116337882931488
0.7786154507445763
0.8015391614600269
0.7995148116874519
0.786412238102211
0.7958264987078845
0.7717863317115266
0.8021838307366563
0.8034675554346051
0.8064078138105065
0.8044821481264591
0.7905794946806936
0.7881109292506978
0.7957077707757587
0.7937834885228802
0.8143894840196516
0.7971542209503516
0.7911308763444287
0.8154600422136464
0.7981828555805542
0.7974364522445476
0.7840926714711265
0.7886933219022062
0.7708841592825617
0.8092586852946431
0.7954005418412392
0.79987102309991
0.787464621540072
0.8030699143216408
0.801093948564484
0.7963012539787664
0.8158625423725597
0.7846362490462067
0.7913069560011863
0.7891668499779911
0.8024700876767952
0.8038294299887709
0.7884286147275765
0.7879358735818217
0.7999711202145418
0.7943308677454681
0.8050806364631636
0.8016357654815852
0.8238218746712892
0.7891078215865461
0.8043328228291768
0.7999278260649489
0.7893781147453824
0.8001832499600413
0.8066017545745264
0.8060958954204548
0.7968456398792327
0.8153649316564261
0.8086808075853241
0.7957084439645203
0.8016914241810339
0.7839137512870253
0.800560203420045
0.812575599377222
0.8262503773266392
0.7930952472557746
0.7998526983359316
0.7920459987308959
0.8048931680494666
0.8011035592504413
0.7926450305527718
0.7953488344310433
0.8029685409435187
0.8148159507950259
0.795357306972065
0.7903987540169581
0.7938380469937565
0.7966965667813137
0.80841517628467
0.8056857926841724
0.8055483017493439
0.7999048113079616
0.8174319612035961
0.8118808384976607
0.7958737251838071
0.7840566780896931
0.7882068351251444
0.8018114711467916
0.8126667648047157
0.8034153588499999
0.8074801719262787
0.8059527063548686
0.802644799176958
0.8001551695866015
0.7995091125116375
0.8059677884160266
0.7903545968484659
0.802688138729776
0.818383184136571
0.7869059568752752
0.7952399002701889
0.7900832664471356
0.8175431245582108
0.8245324492848569
0.7782604992536036
0.788127444979119
0.8007156670511817
0.7895795427391932
0.8066675924350735
0.7903905509632472
0.81593537482429
0.8204269584165722
0.8058239158954036
0.7966070039448973
0.8056204581838843
0.8160549977886067
0.7847887898124347
0.7893880470547223
0.811115804479867
0.8036835731693783
0.8233958213350778
0.7980934009072902
0.7985850272270901
0.7985944117385589
0.8128288826964942
0.8154878938376229
