0.690848714
0.716467575
0.756330756
0.759665694
0.795914383
0.823820432
0.816279032
0.847505808
0.844434491
0.857462934
0.849183623
0.878157833
0.870761299
0.886096131
0.882362514
0.865863739
0.893051749
0.884714469
0.878463988
0.869808223
0.899794701
0.893863154
0.879606434
0.918821828
0.926979534
0.896059485
0.898999906
0.90068679
0.904878268
0.916518195
0.909378462
0.892984423
0.889576051
0.907961121
0.880801575
0.923404224
0.905881202
0.903867604
0.895898219
0.916282939
0.905613451
0.925265165
0.905261657
0.911543024
0.913451849
0.919190911
0.928824639
0.912942961
0.918434634
0.921905659
0.917621815
0.922267336
0.945249936
0.932417466
0.928360883
0.908846713
0.923144655
0.912815357
0.929385806
0.908679534
0.920974939
0.924725161
0.891855515
0.911342543
0.910349658
0.904758447
0.924462564
0.899605438
0.914631151
0.916588529
0.922678745
0.940294211
0.9526456
0.911100982
0.915125109
0.927918006
0.918161541
0.928916675
0.938517767
0.92949327
0.913994421
0.901540999
0.914254809
0.941759332
0.935283096
0.933576351
0.91571028
0.935365315
0.912805576
0.940897517
0.936617792
0.9130327
0.950678604
0.923503278
0.930677765
0.92369507
0.921512213
0.910497807
0.930114581
0.926726919
0.937807942
0.927593088
0.923017035
0.941696381
0.936038049
0.92114962
0.909513561
0.938880964
0.948186664
0.942074855
0.921765013
0.941935423
0.927947808
0.920377941
0.926639851
0.920836026
0.925305196
0.92762246
0.925295705
0.938768447
0.92184968
0.923347731
0.943338375
0.914078421
0.9175127
0.935404829
0.936954686
0.92050118
0.905255663
0.926073936
0.936317661
0.930398435
0.91490046
0.933420285
0.937312677
0.923901212
0.931473459
0.941280372
0.922518334
0.920196497
0.930055643
0.945734719
0.920705003
0.940707865
0.933401332
0.927259467
0.950344091
0.932878763
0.91706847
0.925034933
0.93595258
0.93637025
0.944654764
0.935361484
0.932437599
0.931870303
0.934616248
0.924281437
0.93224874
0.928826728
0.937001066
0.946683632
0.937078608
0.910573396
0.924089366
0.927477413
0.932915713
0.939125821
0.941119874
0.937710388
0.935544061
0.927136722
0.932111157
0.933299412
0.928049058
0.949389053
0.931704294
0.937820637
0.934773295
0.933542334
0.93602514
0.953625636
0.942586911
0.921151266
0.945040791
0.908877605
0.925320645
0.927137047
0.946002697
0.928957947
0.926785737
0.923481552
0.934403093
0.930704973
0.925373131
0.946804526
0.946044229
0.958090861
0.914585122
0.936535188
0.93182362
0.929823595
0.934329205
0.943168449
0.949787584
0.917244522
0.936066269
0.930919873
0.930075669
0.915177304
0.939987383
0.941167651
0.931569638
0.928796612
0.943358112
0.933374045
0.940352434
0.949580611
0.924953938
0.955131753
0.922434662
0.920300017
0.940052822
0.939930078
0.912219672
0.936896604
0.93001263
0.943500896
0.951028841
0.942324232
0.93637484
0.941723247
0.923297708
0.934727464
0.941731772
0.933138125
0.931810264
0.930323116
0.937241194
0.922668277
0.935104678
0.939583726
0.945703425
0.946232428
0.932414461
0.94027486
0.934966303
0.921905492
0.954199971
0.951795593
0.945641933
0.946865798
0.945310467
0.923232839
0.924665272
0.933975288
0.948258079
0.94329469
0.922284503
0.958823158
0.92537844
0.931228338
0.941141567
0.921268974
0.933397488
0.938577319
0.928778459
0.927116066
0.940164949
0.929573488
0.930950607
0.926413682
0.943357603
0.943124144
0.912772329
0.941934386
0.940294359
0.956946598
0.947099969
0.931332877
0.93490767
0.922723183
0.94076362
0.92717158
0.939748713
0.952930383
0.940915664
0.936570927
0.945769405
0.933846702
0.951500449
0.939864195
0.936731429
0.927114874
0.935761147
0.95039899
0.920139687
0.939835998
0.93844351
0.936940625
