0.06680857
0.218792586
0.14189468
0.114664389
0.068703156
0.155709617
0.156199201
0.191887013
0.169529315
0.243867677
0.268485997
0.238720111
0.205020907
0.2943931
0.191556331
0.270506572
0.281001387
0.347239532
0.290627621
0.296577324
0.226741548
0.348634126
0.292079536
0.418369631
0.152990522
0.328197373
0.342334146
0.222504971
0.329744077
0.269608328
0.308899076
0.287942252
0.259022586
0.275738473
0.346713265
0.265531205
0.342465802
0.265919028
0.273604946
0.225211567
0.324518124
0.368147487
0.446883415
0.324793271
0.387749485
0.34702782
0.257738993
0.323425423
0.344241467
0.378989261
0.446020101
0.551317548
0.428671544
0.425638498
0.528942006
0.403403258
0.498399396
0.413484506
0.484508924
0.591849139
0.641099279
0.556311132
0.483239845
0.463325165
0.530972684
0.429929298
0.620313657
0.521824504
0.564759721
0.530062343
0.513403821
0.53640059
0.54805044
0.573780331
0.481618968
0.499580644
0.508398495
0.587927348
0.490542826
0.610068144
0.578011248
0.602616315
0.520397026
0.553848269
0.483206752
0.508636562
0.625669223
0.535740307
0.507614723
0.466204852
0.593238754
0.567981913
0.526768552
0.57803128
0.598428654
0.49395336
0.498698362
0.501913328
0.450459667
0.486021692
0.569834405
0.616831126
0.611907034
0.613490218
0.62103074
0.621370374
0.472287257
0.554415508
0.528707259
0.580315132
0.558487041
0.565947172
0.510205227
0.619319143
0.551652977
0.596686806
0.554052238
0.527450563
0.572423689
0.506120169
0.531218269
0.483273856
0.5605334
0.544788885
0.576158385
0.639220231
0.535611428
0.557127996
0.571197002
0.58340556
0.634108212
0.587116663
0.619348357
0.656779847
0.627954558
0.600268739
0.488819272
0.568706809
0.528279818
0.634685942
0.60271254
0.562399143
0.609486462
0.568791531
0.507435004
0.513175125
0.53002746
0.559581211
0.530499873
0.603193298
0.587628716
0.556055324
0.597627709
0.577186274
0.651134343
0.593177756
0.489614742
0.494479748
0.573605384
0.550366979
0.559276338
0.570693102
0.578196142
0.507855685
0.52245966
0.647894561
0.457033482
0.52306713
0.637195538
0.610033084
0.571336932
0.50327956
0.575465448
0.540218019
0.461875055
0.653042134
0.587746102
0.597895338
0.533970754
0.567173023
0.50805472
0.49760116
0.597670589
0.596406774
0.625528759
0.509219311
0.572418452
0.609741363
0.58171915
0.579882972
0.536680075
0.626393497
0.568174524
0.504292209
0.59044647
0.526221572
0.566877058
0.465245107
0.637269545
0.470106147
0.559342012
0.567140624
0.60975627
0.658018206
0.644066351
0.608955918
0.613991326
0.573496192
0.556388285
0.564751169
0.52113062
0.600963743
0.634976503
0.637100999
0.584804876
0.495224518
0.568991686
0.388032239
0.519973574
0.515451843
0.587563391
0.584307035
0.642403216
0.435072762
0.561371079
0.658654351
0.641325762
0.667581295
0.592811227
0.555657885
0.580479417
0.611737511
0.639653991
0.621777858
0.564234929
0.525658799
0.423751163
0.62849184
0.604454789
0.577804329
0.705392033
0.548782574
0.716428707
0.619594933
0.589112799
0.573446817
0.526497777
0.566006845
0.618116396
0.576183869
0.569233806
0.538780022
0.620583494
0.509329174
0.612141678
0.520565647
0.648624548
0.551187793
0.628414375
0.684854674
0.506709197
0.48009289
0.540454799
0.529367424
0.536705211
0.608233302
0.660212817
0.425599188
0.566594958
0.611399539
0.48973165
0.662754191
0.56268605
0.587023188
0.543444255
0.632795608
0.502251978
0.663046891
0.648617178
0.615745837
0.649824129
0.60894783
0.608815047
0.530701769
0.536840518
0.629635929
0.608044658
0.639092967
0.58377235
0.599934528
0.566731249
0.471373031
0.609355513
0.525826573
0.596921487
0.563664766
0.571134218
0.541287728
0.51300767
0.535101023
