0.718211474
0.574940834
0.670979134
0.687238569
0.706179106
0.643547375
0.725033966
0.713721721
0.76393748
0.762654629
0.683353628
0.677495885
0.677322525
0.70396842
0.723855512
0.722667837
0.759400252
0.690643654
0.787311871
0.713541107
0.743235229
0.683610438
0.818591013
0.74367956
0.821467795
0.768012506
0.724155601
0.825524292
0.813492471
0.775670128
0.769915584
0.764746326
0.800915155
0.830846163
0.797584095
0.832759709
0.785556906
0.778200952
0.844185552
0.79825615
0.816235185
0.794530352
0.820387332
0.803220309
0.861617449
0.810468565
0.844855176
0.832310397
0.82372277
0.796397353
0.826528447
0.802032062
0.86492415
0.862433601
0.778456379
0.853630211
0.84915743
0.829055659
0.876660365
0.843653455
0.824536756
0.813446622
0.812405907
0.816916866
0.907457551
0.840009892
0.807321706
0.856499661
0.876765779
0.904745409
0.882438685
0.84559868
0.833482633
0.911147748
0.836086687
0.829586661
0.866495783
0.853711634
0.860824196
0.840762517
0.785165275
0.856476004
0.898936113
0.791685118
0.834233086
0.863895012
0.876475431
0.902143634
0.890753344
0.862204615
0.864380915
0.844746597
0.838170927
0.851062145
0.762814148
0.875835455
0.829884618
0.844267019
0.875882369
0.894244896
0.863716177
0.871690856
0.884572141
0.827116399
0.8574228
0.827712627
0.812988929
0.900370759
0.835107956
0.853155064
0.847815138
0.91244427
0.852859845
0.817989701
0.802494627
0.85652441
0.803636287
0.843629652
0.88679382
0.858151678
0.903096176
0.860138452
0.827339465
0.897370605
0.823716334
0.85662941
0.846661958
0.875406241
0.921690302
0.883545725
0.858736593
0.840712951
0.903032646
0.808578606
0.795879871
0.883553657
0.873464784
0.899094893
0.810782246
0.901902539
0.839620107
0.811375664
0.87831336
0.881432013
0.846878899
0.883647735
0.890754346
0.820118754
0.860267321
0.834711631
0.823141091
0.840612292
0.846993346
0.875470911
0.850727326
0.836780305
0.85382796
0.893602562
0.84714742
0.869849198
0.824894582
0.84235157
0.875381192
0.913604228
0.824229957
0.835794856
0.860702402
0.84320394
0.903935996
0.838046133
0.879308127
0.830079199
0.829752451
0.886057684
0.850797184
0.851328408
0.851361208
0.864696816
0.942508912
0.90516837
0.830619233
0.799893095
0.84281673
0.867576238
0.825988371
0.822298504
0.816287274
0.846371692
0.869952081
0.860896382
0.859749238
0.850716004
0.87925196
0.82209735
0.830172714
0.864848074
0.788236206
0.886250449
0.77863969
0.839831134
0.86606175
0.789919593
0.861978391
0.876200435
0.870169405
0.862815098
0.902684349
0.834417182
0.857143672
0.893951723
0.914257888
0.91715415
0.880304772
0.827043345
0.835200109
0.86030476
0.890335919
0.898778713
0.903365564
0.889890081
0.887595814
0.866696123
0.86143348
0.820369078
0.843496794
0.8753694
0.928002878
0.875622222
0.857367605
0.874336491
0.915512291
0.848499046
0.895761833
0.85326863
0.909352943
0.926442257
0.885251782
0.818343529
0.88592614
0.884849475
0.873256598
0.890251041
0.858335775
0.872924275
0.866484775
0.875360294
0.850267426
0.838421617
0.857272658
0.882284691
0.822121429
0.873616401
0.889339364
0.863155744
0.837462197
0.854238981
0.871651734
0.912019796
0.903843604
0.869680791
0.893546203
0.820764398
0.831094927
0.89840563
0.873127482
0.862281714
0.855357318
0.883120895
0.891251306
0.848625257
0.869974197
0.840874527
0.876914548
0.847132537
0.900358415
0.87971559
0.832118644
0.864815349
0.820461819
0.88101146
0.905853766
0.905000383
0.814594921
0.880522395
0.899816751
0.879080396
0.861082915
0.836569138
0.878296048
0.842216632
0.884065518
0.807953651
0.892520778
0.907293264
0.858534007
0.876500726
0.875477767
0.854475342
0.84998444
0.836299554
