0.738390013
0.595669277
0.561169206
0.679358294
0.64258326
0.680479494
0.747672686
0.631324466
0.708533023
0.700095988
0.69390755
0.692846182
0.630604129
0.668249326
0.655150194
0.734775141
0.71645697
0.647024121
0.666822724
0.733706325
0.708804596
0.618273874
0.69158419
0.743705419
0.681738104
0.826361369
0.756241364
0.736533314
0.750474831
0.821996894
0.739991025
0.775540876
0.759261862
0.835551173
0.778650025
0.741901414
0.842060616
0.818001523
0.763483282
0.843011558
0.761614732
0.785349379
0.794951101
0.803683279
0.82966258
0.833146399
0.793606932
0.834130518
0.829693576
0.872930945
0.826028057
0.838181959
0.82048975
0.839610941
0.849080643
0.868301621
0.870862514
0.811767893
0.831575682
0.865102166
0.865439973
0.809092925
0.833956861
0.825296198
0.870327483
0.844661454
0.889017652
0.88742747
0.850709662
0.879867254
0.900369521
0.85583968
0.899225104
0.901747047
0.872198862
0.864034327
0.919761029
0.858304222
0.876625204
0.878340815
0.891189734
0.888743557
0.856385102
0.895344092
0.891394803
0.861654533
0.866336376
0.903268065
0.887361215
0.83934945
0.86400935
0.862122105
0.888100766
0.877536014
0.917033002
0.91946278
0.868431168
0.833265204
0.891097547
0.867429144
0.905379396
0.866286531
0.884763712
0.893755928
0.845566732
0.857962456
0.837820642
0.892925404
0.883770622
0.902207501
0.893930247
0.909153968
0.892257959
0.885167132
0.852490632
0.880051805
0.868840035
0.905994365
0.887030251
0.879446361
0.897762618
0.884501059
0.88574503
0.866167565
0.859166853
0.865797801
0.861899201
0.872970558
0.894048286
0.895080272
0.883288031
0.890091915
0.916895509
0.896228453
0.897868905
0.917338202
0.904667256
0.898803186
0.85313232
0.911240302
0.905935723
0.894487423
0.905576191
0.899156078
0.872946386
0.886924492
0.896658611
0.911937525
0.905536817
0.916175548
0.897615768
0.90570102
0.911171754
0.901617806
0.895301095
0.891942226
0.902922578
0.916671887
0.914037122
0.911243479
0.898935708
0.913014077
0.892400031
0.903715667
0.900670497
0.913011435
0.884404077
0.897968186
0.921200499
0.914664706
0.898033246
0.901714291
0.917999821
0.928573561
0.916823685
0.918783658
0.862123689
0.891177646
0.90098964
0.889753411
0.923736657
0.893614082
0.894182868
0.888957307
0.923760666
0.87223238
0.904277354
0.904145279
0.895853912
0.889874685
0.908316406
0.913478047
0.908234918
0.918020488
0.911608245
0.917123736
0.894729825
0.914219505
0.917916851
0.882074003
0.910167783
0.916812398
0.93618961
0.880407184
0.906245297
0.926540111
0.889267319
0.91506122
0.918833922
0.913687897
0.908364589
0.903593117
0.844899158
0.867174741
0.863508513
0.896888552
0.913657487
0.888332141
0.868634943
0.908137314
0.907378088
0.91081352
0.886636214
0.869527794
0.881595668
0.874494132
0.912963053
0.932198151
0.860701458
0.910674049
0.928267487
0.911055633
0.917156576
0.917102898
0.920026913
0.929701389
0.887354341
0.912961765
0.919913392
0.903714019
0.869972824
0.905795916
0.934765182
0.933138164
0.918266285
0.871023252
0.902175254
0.937685874
0.885128282
0.931959281
0.904099345
0.918130814
0.87228888
0.919869556
0.913123332
0.859594037
0.871036705
0.879850818
0.887204884
0.906665961
0.897304992
0.931513507
0.921445479
0.914168701
0.897027789
0.898088087
0.88607258
0.883130391
0.911767911
0.905351123
0.897818776
0.924506824
0.862112581
0.921417803
0.896315885
0.921692249
0.923809834
0.940958387
0.845596207
0.876588353
0.910465584
0.907485056
0.956662467
0.892070936
0.876081144
0.888042254
0.906005615
0.908383031
0.877517555
0.938625366
0.908396128
0.932764579
0.919851946
0.922778135
0.882958777
0.902993698
0.863264273
0.895330107
0.941234787
0.891179827
0.923088654
0.91309708
0.92466816
0.917313947
0.921214574
0.922831955
0.889793211
0.908872353
0.941071786
0.878346171
0.914674724
0.91580514
0.931601614
0.855507151
0.882729057
0.892684953
0.87984125
0.896320795
0.889286175
0.928780552
0.904664787
0.904703101
0.867147991
0.920505582
0.925634494
0.926272908
0.91569582
0.933450737
0.882401485
0.886606207
0.922275991
0.869496774
0.922083303
0.863496024
0.924347395
0.921552549
0.93188885
0.908755913
0.930499063
0.880498631
0.867591089
0.910736699
0.867157883
0.895153492
0.886007628
0.93644006
0.938138149
0.881324086
0.863123248
0.848780241
0.911524397
0.894425264
0.92407939
0.891589013
0.863145975
0.857090063
0.921732678
0.890007166
0.928163285
0.867450044
0.8835332
0.942695887
0.913818982
0.870546401
0.936091618
0.909958915
0.885324183
0.869977263
0.919187474
0.89335425
0.954753062
0.923738005
0.931539505
0.867964786
0.865963617
0.911872639
0.93444677
0.914432241
0.940933882
0.84907835
0.905876393
0.874673036
0.907279385
0.912166498
0.942181918
0.921237166
0.888104903
0.866405379
0.928389376
0.922139641
0.889132219
0.931604654
0.922757357
0.889681641
0.935898294
0.860975644
0.9237275
0.899013958
0.868297363
0.940875484
