0.346206751
0.38316468
0.314276579
0.277591162
0.303698869
0.285926602
0.440770016
0.320804554
0.343327781
0.240445947
0.399541838
0.320501621
0.363750673
0.344228137
0.317767249
0.401932085
0.425669382
0.365088135
0.405220423
0.367334577
0.328528493
0.298208463
0.261998665
0.353601842
0.384667064
0.238059747
0.36699377
0.304108004
0.311537068
0.396160507
0.353849526
0.279166369
0.327585646
0.358427518
0.315796189
0.396536529
0.314895223
0.316563163
0.349737245
0.350382526
0.334273624
0.300724623
0.279445132
0.33784037
0.288238914
0.249667324
0.31100038
0.305728581
0.261666981
0.31959126
0.314926569
0.336320664
0.316801688
0.260142606
0.350695262
0.310107304
0.338319951
0.345801645
0.410957334
0.305309958
0.282030517
0.2868032
0.263059824
0.338409634
0.341261762
0.293616821
0.328647254
0.240829289
0.311253186
0.285265805
0.286582248
0.320600058
0.242372059
0.35669397
0.422726537
0.394232417
0.278345153
0.37194987
0.332561801
0.355202584
0.347594324
0.237487424
0.375760215
0.269938118
0.374484309
0.258050627
0.314507046
0.264352135
0.393674783
0.292938733
0.288129085
0.312649005
0.32743516
0.255444036
0.298774293
0.368267429
0.281868759
0.333469751
0.332445182
0.295060878
0.283057307
0.278405538
0.343673985
0.394576879
0.323161521
0.365998711
0.32808426
0.245516356
0.382420974
0.364777697
0.332138353
0.324761309
0.421516092
0.341498281
0.248231476
0.262441392
0.284789233
0.350598286
0.301923007
0.364587918
0.276523505
0.396448669
0.32348676
0.377357341
0.371028979
0.359298834
0.30707979
0.335098712
0.419426375
0.304455679
0.30560836
0.447081599
0.404732313
0.380546366
0.375190358
0.354516236
0.379597352
0.379796443
0.372458538
0.365553202
0.374666048
0.282200817
0.432627965
0.398557105
0.502234365
0.47612731
0.36552007
0.443807414
0.365551813
0.414971832
0.371088329
0.384850527
0.345580596
0.467110971
0.367189594
0.404109675
0.525966183
0.386926366
0.344186111
0.396990051
0.398482122
0.343097596
0.474799617
0.38547415
0.320148297
0.34370258
0.444537546
0.28059331
0.345869655
0.276194132
0.375884135
0.318153362
0.356225224
0.324763018
0.456678349
0.487972245
0.337471694
0.324026927
0.404048703
0.43090772
0.334681569
0.304404276
0.326072918
0.40005022
0.3943569
0.310341661
0.365495688
0.316579106
0.418344422
0.411762138
0.235193622
0.36126491
0.293557575
0.298898504
0.32861751
0.484888224
0.356304845
0.359766965
0.353382177
0.384539084
0.328393699
0.419711845
0.351471282
0.445942173
0.34725959
0.455009285
0.356352672
0.404803232
0.375673224
0.408885293
0.360332299
0.418060717
0.333384435
0.348482692
0.368269619
0.365319681
0.341109787
0.343564922
0.453252862
0.306273255
0.347691362
0.355651609
0.316094105
0.359365001
0.3649723
0.307856794
0.325141294
0.377659776
0.395754337
0.366653078
0.397533287
0.347673897
0.430771202
0.419557992
0.433528138
0.377901991
0.343221838
0.372810302
0.405783206
0.319047794
0.286269627
0.400396733
0.393925665
0.427067923
0.408151224
0.418207499
0.431766238
0.416281754
0.390329574
0.405741815
0.322369593
0.439791446
0.368220689
0.435830157
0.413413987
0.357157696
0.360774512
0.456387555
0.440925729
0.411892603
0.374160616
0.424117005
0.465423603
0.462810053
0.372965497
0.364157633
0.361390206
0.377486213
0.414555007
0.295435462
0.381779133
0.332726263
0.358383245
0.43383762
0.453075108
0.266726638
0.364722858
0.352123476
0.338262354
0.352393851
0.374457283
0.476277115
0.379301203
0.367919278
0.319080985
0.416603222
0.480981582
0.31345475
0.42973974
0.34446703
0.377844192
0.450895125
0.35827483
0.398484134
0.331765613
0.359306752
0.413032659
0.348974572
0.375070411
0.2855314
0.401418566
0.396688163
0.383811096
0.418118918
0.418251224
0.328774632
0.342857011
0.384668948
0.490477889
0.318662287
0.39845777
0.4304972
0.362594018
0.414749872
0.400536383
0.404063323
0.445151328
0.425225541
0.457555611
0.413789933
0.409547795
0.436548968
0.380517256
0.379117353
0.43574316
0.387518772
0.43837078
0.41099523
0.357776338
0.433467849
0.423911628
0.35103706
0.365971796
0.423417527
0.338837271
0.393558669
0.465258161
0.404673037
0.422725336
0.419912055
0.4740479
0.415586823
0.446365605
0.41822343
0.433779227
0.363541767
0.471340527
0.388365074
0.43218153
0.389965503
0.394046756
0.516114096
0.451668842
0.501809575
0.472282602
0.459505456
0.394127202
0.454102011
0.430557872
0.524269946
0.383293126
0.449682458
0.436720879
0.444965362
0.469218234
0.441942007
0.46212086
0.437829528
0.483895427
0.409199796
0.343267424
0.387260507
0.415406737
0.465277426
0.407107574
0.431818346
0.416106097
0.496557789
0.462569467
0.397857486
0.373706668
0.472701544
0.470497407
0.479805073
0.458325013
0.451854272
0.447381729
0.451779325
0.415923235
0.479822642
0.474448061
0.481347943
0.447105772
0.47556618
0.440158592
0.506609178
0.46355048
0.419790436
0.419146157
0.47410902
