0.475597623
0.591497427
0.612229223
0.646985242
0.601177785
0.679667032
0.652565124
0.55979693
0.641462601
0.732525569
0.726786667
0.68987457
0.647906538
0.703610562
0.713352284
0.751613655
0.705494631
0.772535332
0.739121335
0.804671388
0.790755491
0.791220273
0.823972012
0.844796651
0.821142042
0.831620408
0.829415527
0.842371076
0.86995435
0.840534897
0.885587546
0.868410048
0.902488765
0.909868073
0.928621432
0.891117717
0.907854612
0.926381644
0.925125228
0.902305186
0.908203332
0.934393879
0.931737075
0.943158813
0.940030509
0.954000337
0.951935582
0.956055019
0.957208921
0.960850177
0.963055142
0.965906043
0.971246481
0.967292279
0.960066553
0.969542964
0.952101077
0.959523542
0.976332525
0.955095186
0.968782067
0.978570535
0.960819748
0.97090585
0.962386881
0.966743662
0.971319654
0.977389669
0.979960719
0.964065535
0.981636657
0.980116061
0.965915185
0.975100857
0.974857337
0.973393856
0.97182583
0.970895996
0.984531495
0.969589575
0.979761736
0.976345259
0.967134124
0.972738717
0.97618041
0.968974738
0.984789413
0.969987667
0.975862525
0.984687136
0.984105401
0.972608351
0.982088332
0.973285598
0.986559337
0.982225444
0.985950877
0.976328435
0.971024
0.982856457
0.982171671
0.987501532
0.987088053
0.980776685
0.989039186
0.985331913
0.985485254
0.993796144
0.990607035
0.988146073
0.986373097
0.991758913
0.989448567
0.990592777
0.990217214
0.98969932
0.985491639
0.990271035
0.994447433
0.988898334
0.992536625
0.993624747
0.993636544
0.995564232
0.994013467
0.9887492
0.993060898
0.988652072
0.990699778
0.990326054
0.995516384
0.98698873
0.988254084
0.992288604
0.993965476
0.990470631
0.990812538
0.984309686
0.98800776
0.992255392
0.996489509
0.991237846
0.988997064
0.993372892
0.99195213
0.989531387
0.988408933
0.993012125
0.992267934
0.990487832
0.996912602
0.98907512
0.98954551
0.992683506
0.994152469
0.992369221
0.991908872
0.992640315
0.992227872
0.989498268
0.996236852
0.994325394
0.992383729
0.995182546
0.994747805
0.994450418
0.99407155
0.998565161
0.992771585
0.992934405
0.994824941
0.993364351
0.993772284
0.996117164
0.99373324
0.991693385
0.995601287
0.990485439
0.993053471
0.987492491
0.996221754
0.991960548
0.993643892
0.997137372
0.99248585
0.989251539
0.996861035
0.997175064
0.993003339
0.993454876
0.996888313
0.995759995
0.992690399
0.99085586
0.993149194
0.997670714
0.997906733
0.996322651
0.996998418
0.990825801
0.994090402
0.992785897
0.99252252
0.995215319
0.994919761
0.994132998
0.993060511
0.992885921
0.991757098
0.993351668
0.995355138
0.992745967
0.995563501
0.997248063
0.996329771
0.996696321
0.997906544
0.99060048
0.995758632
0.997096439
0.996202705
0.991902317
0.997618072
0.996100894
0.99626519
0.994048328
0.995851631
0.994999755
0.996641581
0.988126017
0.994404296
0.99182488
0.99872597
0.990505073
0.995751373
0.994452722
0.992946307
0.994177826
0.994376366
0.993409864
0.9958832
0.996295928
0.99676494
0.996537839
0.996635875
0.998340954
0.995006518
0.995707067
0.996580342
0.99677274
0.99417873
0.996769924
0.996222888
0.995006015
0.996461241
0.995209565
0.997662987
0.99677276
0.997878695
0.994074847
0.997801514
0.993459668
0.993073701
0.997767342
0.994567818
0.999316986
0.9971046
0.996910674
0.997893707
0.998765283
0.995999026
0.997781141
0.993170491
0.998074952
0.992391064
0.993024795
0.996022609
0.996105125
0.996989823
0.994836486
0.992981791
0.997236614
0.994010813
0.997461822
0.995410842
0.993229461
0.997002145
0.997559809
0.992980887
0.997066066
0.997956497
0.996982516
0.99717082
0.996997923
0.99348929
0.993612583
0.997850416
0.99711523
0.997600315
0.994376611
