0.9770997525906223
0.8768063965687798
0.8593809055171471
0.7377150666590937
0.672055495251016
0.6854538279609051
0.5836515409066014
0.6462526139971888
0.572904338173808
0.7109384574283071
0.5219092719835989
0.6848022124822094
0.5362508332965705
0.6591183300595571
0.625381817958394
0.4380911145727661
0.4675677217106318
0.436839516229971
0.5438923825522795
0.47571513540174104
0.48716900880240016
0.4426288243665071
0.46242855419047013
0.40805770669765973
0.5801144823046437
0.5147468751126344
0.48262506005227557
0.40071174061903714
0.4805269935535611
0.4271381352637543
0.3892801537264833
0.4237481750832851
0.37916459841302713
0.4078895402915159
0.32858828144815777
0.40008274518785986
0.4245805417422627
0.4435850994939563
0.39424582559892873
0.3777844952001618
0.27766721533202093
0.35316527602106257
0.3112175382129402
0.31661820757753667
0.4464157071316004
0.35501172523122937
0.35147237086373806
0.32657601988388824
0.3647451019412497
0.3196361010643135
0.25680740112979394
0.273052843756345
0.3320966060288295
0.28422836826667075
0.31949632380762877
0.30193996149170965
0.36111993632761263
0.3059007757692137
0.3863490473579482
0.33258128386636
0.34972108476382835
0.36982856484337456
0.27628360540445474
0.32599965600102065
0.31831506322067643
0.24901956573859363
0.2434590621593275
0.3413480057667836
0.32864401180480374
0.24140654137789336
0.26402347123123404
0.237280150639421
0.271608115535883
0.35085048992392603
0.27237299499320067
0.2889722883981568
0.2679334189429151
0.27797234771219526
0.2837799159599431
0.2168897058399281
0.2683188374674295
0.24900055288192796
0.3506407402470929
0.3541893365721164
0.35198819034501766
0.2799868225757208
0.24138345485683782
0.1897138727698511
0.22800052792480163
0.2930974912528399
0.253580378573964
0.20025011941309373
0.2502803747137514
0.20501828144456039
0.25736461810302375
0.20400349626350595
0.207011493268242
0.264605437950758
0.24789554332916044
0.1455664913832373
0.2689836759771108
0.18036720662889055
0.3125342877368046
0.320041914991101
0.22294000563301597
0.23247262844388805
0.2670971511582309
0.2176551974636493
0.2845339851942662
0.20313476601734975
0.3014012495712133
0.2578006829839344
0.2947597018191221
0.22208215992023747
0.29208642976167265
0.18584113946005518
0.24917917359074804
0.300519523076791
0.2564880065620772
0.2535807104494085
0.13401916286866625
0.23006373486761134
0.18168497642610934
0.19421554147494882
0.16425887562201916
0.16000219164969337
0.22289759148739638
0.17653764525203167
0.17074244721059517
0.2375049015604791
0.16670571896472414
0.2850049579708601
0.24433630903152923
0.19402910668127255
0.1584407431577123
0.14162148229497915
0.20189498550351578
0.2413864626389853
0.2428905001256433
0.28486617842292217
0.22914866601532474
0.22183587213951506
0.17065465522393458
0.1971579467564627
0.21284429095224294
0.22136809718792222
0.19507484250725649
0.1631812910039868
0.20668113528117762
0.2967802332842207
0.2055633564040253
0.21390892663085093
0.1656726281776094
0.16754845273320026
0.22008157787282417
0.1335711137836288
0.16735831598417986
0.16372959251947788
0.1548463608416326
0.18039141717195956
0.1941773915592231
0.1416298751768082
0.19953708723814076
0.16466929820120946
0.18355059882864216
0.22390982032406193
0.16063159863224308
0.1399274638114358
0.19244622572065143
0.21951656531645125
0.20986399889543303
0.14762893282946565
0.24414483624667338
0.23239611580557124
0.22873014128538244
0.24184185638771805
0.2018873757997266
0.13050328879047787
0.16486736283883718
0.14636718548961575
0.23916891576756036
0.1956552179249123
0.14628745247064212
0.1514612267111887
0.2087559743536735
0.1748427350580983
0.1732512507322796
0.2072519274367218
0.17737159821203163
0.158236506453949
0.156875307038727
0.18615353928961137
0.20365828155985857
0.17819174475548882
0.1623673312045864
0.14201009369756074
0.22259690356841427
0.2162927302672002
0.17700847769061936
0.1686081334255237
0.11673058632426511
0.10122460421978093
0.15169776014418732
0.15093611734624263
0.17300148033131058
0.18648243667271275
0.11583370653754585
0.15113322045246508
0.1411380060927297
0.19140586253591513
0.08879559238423076
0.13775993625414185
0.14247465539838083
0.1444915727370179
0.1604079275988193
0.18573660399099215
0.12176872761943433
0.15205801806074679
0.18254419281155218
0.16912309686691873
0.1690638962344545
0.13336213912190611
0.19574060397824555
0.1639473163282272
0.16889753818656994
0.1936801669465997
0.13368416183987078
0.10981551834264458
0.11467910615415167
0.14998218971059796
0.14112031890851373
0.13630012761606652
0.19211621222455194
0.16904562949476215
0.13703338259751358
0.20743037101502132
0.13788832470166854
0.11638003934292156
0.17620077595091696
0.1313491579064088
0.1891243095487774
0.09451341968819064
0.1342405327679908
0.11776408865053907
0.15807524683093357
0.163884023783968
0.15229455698948408
0.1206213286370879
0.19238588579884383
0.15355559705421448
0.1359011739318685
0.13284490789960407
0.14331495934590402
0.08629812807898238
0.1506615612563865
0.14579294562951847
0.16678611918599923
0.15701898458289199
0.12692049236584887
0.14742157526259936
0.09847908057879168
0.1647603534873503
0.10567281548979686
0.1176745801549047
0.18844282204302756
0.10998395726726576
0.11798424472943173
0.11909703603690966
0.17230725597219046
0.14938361704347913
0.15571052204858954
0.09073545065061647
0.19437213098107325
0.14379839574843287
0.18434961536124875
0.09587422761472544
0.09344677975676562
0.15067333292429944
0.10006604987247873
0.17121172436361728
0.13683713419995658
0.07430699399739524
0.18537780111887062
0.1734635360889018
0.1693763093466908
0.14185593893048137
0.1430800282620278
0.1103629134245949
0.11745150087145133
0.15308998766128368
0.10032592516500669
0.17226418355730716
0.17572490402148294
0.1367429075630236
0.16300913328337654
0.11932204065891257
0.11319904657549609
0.13978541390661586
0.14578825995713257
0.09642631141326725
0.18958310698391304
0.17780028458015318
0.07632520601634926
0.15839278781210384
0.0942890517059454
0.13804312853670747
0.15818576492461417
0.14101356715650593
0.14100359108717891
0.15165526302214458
0.12521165829791664
0.11106564588638927
0.13086914703606908
0.07540358122995783
0.11004839950759102
0.12238542564190544
0.10391676454473768
0.15781667441788352
0.090202806775386
0.14413495840111706
0.11252211872765798
0.1052249321552809
0.1360657513588412
0.13643521431451602
0.12182933422306222
0.06123106544248771
0.13741298037365596
0.11579660318032561
0.1494332175166634
0.1359497913358792
0.11533924905362936
0.1036019028068571
0.16932626076600812
0.0888353293029356
0.15894904223800582
0.10196622872057286
0.08095229809048762
0.15409295617813581
0.09745719619678181
0.14670288797286327
0.10211870481647348
0.16443461837079565
0.09469908225367876
0.09420332301429549
0.11514451241238062
0.09324553812517054
0.13665786091719737
0.1578606179107164
0.12744776447099895
0.13804395970649408
0.09289364223132965
0.13346389946983694
0.11170613294085222
0.06150251439780494
0.1339014967120937
0.1542920880613973
0.11157026704046451
0.15344781798104196
0.12308103321376848
0.08673668777784091
0.10648555414083605
0.16026107642368373
0.1495056080235341
0.11792918458004294
0.11106102968531495
0.1368469550959329
0.10654817291391305
0.07875153171725606
0.14395385216714202
0.09350386059187836
0.15162039978501057
0.11551095552832494
0.06773044078103527
0.14080144664516753
0.12841555958402212
0.11855899333385614
0.11427330773844235
0.07837122063158683
0.11520964100065476
0.12160085042689142
0.12723138297224515
0.14195818453841882
0.14396225269168222
0.12247171549656788
