0.035691725
0.049001977
0.039729613
0.06396608
0.084292779
0.033860164
0.056250705
0.101716421
0.093684109
0.059164404
0.120525785
0.086536368
0.117154977
0.110025017
0.180330821
0.230553035
0.241331325
0.301817016
0.291551295
0.223017632
0.19613029
0.159412897
0.125547588
0.168984589
0.21657291
0.296292962
0.348303034
0.244343232
0.28690008
0.360158798
0.309541022
0.279075152
0.35921919
0.318486713
0.374684763
0.299826809
0.400870296
0.447486159
0.495676617
0.422169309
0.425484274
0.489085411
0.401902669
0.452515023
0.426692643
0.544184395
0.382153886
0.545426841
0.44603059
0.479970959
0.566595872
0.48848356
0.506476041
0.516746577
0.456940851
0.462178871
0.443561193
0.619245989
0.478852844
0.538656805
0.57159692
0.510019014
0.565582513
0.586594847
0.493575178
0.500494898
0.650635938
0.659480594
0.539467726
0.651959687
0.65908355
0.658316041
0.649735586
0.613074867
0.638193818
0.754614005
0.761389903
0.667771774
0.610386447
0.638518257
0.667920872
0.728056184
0.667002193
0.687051001
0.562230972
0.70311506
0.713060207
0.704217936
0.763973815
0.758645182
0.683390929
0.775798821
0.687913015
0.708843598
0.758074074
0.724465345
0.684244854
0.782007034
0.745116564
0.692805035
0.797716237
0.71620535
0.798704197
0.657493033
0.763040349
0.664208873
0.703545645
0.762981545
0.724950313
0.765606851
0.708643392
0.752826925
0.867898279
0.768639359
0.80256039
0.832036672
0.819945592
0.767379208
0.723086487
0.860588175
0.764175723
0.737865831
0.78674796
0.688105294
0.824584702
0.743549863
0.686298853
0.776648224
0.77142377
0.837112332
0.689489851
0.747358291
0.731546325
0.773039807
0.748617874
0.792802792
0.801316872
0.874622895
0.787768408
0.736476589
0.749187754
0.737954479
0.77400266
0.748516622
0.776166931
0.779078344
0.789365351
0.809247415
0.810898411
0.793681651
0.724353286
0.702089368
0.765512815
0.795808299
0.842740664
0.753387098
0.804099794
0.787648274
0.811914119
0.743401464
0.621724586
0.765395708
0.901591294
0.765399018
0.728857715
0.86165759
0.776014183
0.81529652
0.756555633
0.67671798
0.806311574
0.710943848
0.775297753
0.832225101
0.858379126
0.865254574
0.892683719
0.828451582
0.893243377
0.883708376
0.905117753
0.891865175
0.944390078
0.9039467
0.92830745
0.905870995
0.941718601
0.892238145
0.9264645
0.929638291
0.944719802
0.940365462
0.933700765
0.946190901
0.934629647
0.9176953
0.924354704
0.945367474
0.940898378
0.937697532
0.957228786
0.932146548
0.930738031
0.928254807
0.905996402
0.94173592
0.943291834
0.915684375
0.922762517
0.95180173
0.939311184
0.946619724
0.909496084
0.936211879
0.94169163
0.942608351
0.932817709
0.941922843
0.923363229
0.943999611
0.932435833
0.91657452
0.936582845
0.930397169
0.944954635
0.924079548
0.936716414
0.937710162
0.940456038
0.943511788
0.95761057
0.920768039
0.953724198
0.927924709
0.938870313
0.944833057
0.903461095
0.922599009
0.920856356
0.936890965
0.955493344
0.945412839
0.942729147
0.94226151
0.94096167
0.922763552
0.943808217
0.934853625
0.932932362
0.930941811
0.94319168
0.94268248
0.938975228
0.937401925
0.956359382
0.955535431
0.94226083
0.952277154
0.919975938
0.947933504
0.944971658
0.926428298
0.93347252
0.95434289
0.916741858
0.933717069
0.91750236
0.951386483
0.946854608
0.958316309
0.960673361
0.952231045
0.933694008
0.944308539
0.942420855
0.943002497
0.941860692
0.950202545
0.952731119
0.944908809
0.934043913
0.945666301
0.959784658
0.959540477
0.932818456
0.94857881
0.952038851
0.950509891
0.91817715
0.948382774
0.95310947
0.948260108
0.93419722
0.943523095
0.963643923
0.931903806
0.904812158
0.943969658
0.935044014
0.960536786
0.953875995
0.937753567
0.938549844
0.944527972
0.942417819
0.947281689
0.956306333
0.941333986
0.952505147
0.950435416
0.933103644
0.943239834
0.941999989
0.946505827
0.946745824
0.930519872
0.946068262
0.962698665
0.948203953
0.964655098
0.947310239
0.946553579
0.935156424
0.947005522
0.951089251
0.941440965
0.953867082
0.952259435
0.942791063
0.946167449
0.943479544
0.949305296
0.962190475
0.945789133
0.95700468
0.962542487
0.93509972
0.957487467
0.963327818
0.959187951
0.943805921
0.933084724
0.956998614
0.951934032
0.95126674
0.93619288
0.96785092
0.955207958
0.925648416
0.953158701
0.958002349
0.957358978
0.952967812
0.956934375
0.947983271
0.972164432
0.941032238
0.942669301
0.965547725
0.928054008
0.94912275
0.94898562
0.967737655
0.961986515
0.964333317
0.966728367
0.974093502
0.950711926
0.962497241
0.955644593
0.95378385
0.955209858
0.954926078
0.95260055
0.962834223
0.962545812
0.970175223
0.955957689
0.9571779
0.950519912
0.951851163
0.958227072
0.967189973
0.937539392
0.958415144
0.960442461
0.96903505
0.941544621
0.952710762
0.953144173
0.967836818
0.942864811
0.948501799
0.974123817
0.937514257
0.952480465
0.975513057
0.92611211
0.963149058
0.944672253
