0.05809329
0.080516869
0.056624965
0.136268835
0.065816106
0.079278595
0.059106966
0.050352115
0.027726908
0.06938901
0.052633244
0.074163647
0.039710258
0.044207851
0.031368702
0.050321504
0.069925564
0.065091878
0.051246582
0.026199026
0.089710357
0.094236775
0.06321805
0.068796382
0.046573188
0.077933415
0.039440088
0.053063685
0.032669794
0.081881215
0.072164979
0.054797912
0.075948834
0.052734679
0.090723011
0.032908544
0.046954775
0.055948471
0.085300269
0.040622994
0.072687989
0.063409218
0.072405812
0.071919026
0.090308251
0.046025626
0.082872914
0.047272735
0.023598459
0.06912188
0.057180525
0.066144706
0.071828612
0.044468261
0.078434776
0.051935196
0.086824782
0.089326254
0.035868768
0.074463118
0.054567268
0.048195847
0.057148065
0.066841254
0.078748714
0.061647212
0.081983823
0.05409651
0.089600755
0.046001687
0.059567194
0.03108715
0.056125396
0.039677573
0.058546466
0.034312539
0.034186993
0.042569177
0.05305308
0.048710689
0.035248671
0.049709973
0.023827304
0.068685874
0.094443238
0.078446844
0.082370885
0.044372044
0.051083369
0.088693415
0.061517531
0.064700624
0.039759141
0.057785998
0.055624727
0.051497846
0.067671699
0.099726069
0.018805767
0.074686329
0.026148273
0.06539208
0.05598549
0.045795386
0.028653263
0.037082136
0.091567255
0.051411311
0.035617939
0.084087315
0.069549976
0.066494032
0.048299228
0.061876632
0.050515073
0.080849236
0.039063717
0.052066753
0.045622896
0.090441981
0.061940984
0.046691013
0.069397622
0.10215305
0.077692315
0.062071102
0.04623008
0.070989994
0.078304747
0.083449325
0.044031326
0.041643249
0.060574513
0.068435557
0.11265565
0.077923631
0.066186199
0.065523245
0.067069169
0.066847542
0.082193218
0.066473859
0.076838863
0.045130804
0.092555771
0.048385569
0.0553178
0.054143098
0.070048198
0.062820932
0.049584003
0.063335934
0.066044206
0.071618688
0.039754341
0.040484407
0.085536739
0.054688134
0.081484544
0.071544306
0.072058181
0.09297414
0.069529619
0.059041026
0.057121711
0.080242669
0.063975215
0.073195865
0.072724682
0.086637626
0.051013996
0.055049344
0.057641221
0.080855524
0.071557723
0.052787542
0.072985643
0.090789577
0.058683771
0.050631534
0.065002844
0.071223594
0.078176747
0.07544232
0.059299166
0.067946875
0.031963131
0.047931664
0.096033128
0.03467701
0.045088404
0.038067817
0.056718281
0.074551754
0.093856252
0.062459041
0.068862963
0.056702196
0.088414799
0.051712823
0.100215181
0.083588841
0.044004759
0.069558186
0.084608902
0.046008139
0.070360966
0.078526385
0.050283916
0.044264397
0.063721018
0.040533113
0.098882415
0.061024228
0.053362041
0.094238964
0.084941338
0.097109738
0.084340611
0.074767752
0.058247729
0.089332019
0.055117727
0.068708486
0.067728576
0.063842715
0.08208028
0.07182543
0.078799086
0.030238644
0.046776343
0.076527636
0.059705086
0.09568025
0.064956047
0.086023167
0.066796801
0.048388517
0.056492051
0.057046901
0.041596098
0.049880472
0.078639317
0.056089954
0.021420926
0.041445553
0.059919866
0.076601358
0.052121712
0.071716603
0.060244767
0.137836585
0.068187362
0.045958428
0.062179982
0.04831552
0.009856136
0.062442472
0.045867243
0.108386881
0.090726156
0.083240332
0.102276511
0.047246742
0.058208376
0.066955846
0.068922949
0.030914155
0.058678274
0.017788887
0.049737673
0.055660056
0.097604935
0.077382667
0.107168443
0.089337589
0.038514958
0.037094948
0.031347124
0.07114097
0.050514023
0.064145438
0.046010943
0.058323343
0.065823929
0.050392197
0.04487403
0.060383263
0.060589652
0.071909061
0.053862607
0.083871596
0.074757405
0.049575176
0.073724809
0.093768316
0.073431371
0.086194747
0.053632228
0.100560944
0.073179669
0.081828355
0.068349024
0.053997761
0.066685706
0.07403727
0.086512077
0.069619083
0.056015006
0.075005149
0.023201521
0.062174884
0.054704241
0.059899242
0.079334713
0.052195159
0.054116213
0.062772624
0.070877782
0.076818999
0.073627779
0.092774111
0.075371607
0.047267191
0.061112529
0.05564965
0.080767373
0.04765642
0.066116236
0.079847932
0.092068288
0.076761241
0.077865639
0.067977815
0.052536688
0.071646673
0.044790901
0.071987313
0.055898016
0.096919279
0.058720038
0.073325809
0.06973341
0.07034967
0.067723449
0.064217591
0.052476299
0.064503086
0.070020878
0.09585378
0.062548759
0.087021666
0.069126974
0.080348988
0.060556484
0.075820398
0.067545486
0.045011208
0.104828834
0.067796015
0.056658469
0.092212886
0.085339555
0.041500247
0.043114074
0.041623633
0.087095166
0.085628553
0.065074534
0.053876797
0.107321031
0.081263166
0.066714213
0.053242338
0.096260262
0.087221759
0.052997015
0.100649556
0.095141931
0.05968013
0.075790635
0.117253305
0.081142466
0.092055227
0.084475259
0.050429149
0.060142164
0.086916633
0.076404222
0.082181735
0.09060567
0.044175623
0.0432986
0.036812932
0.086722586
0.071318136
0.070362731
0.030813649
0.0802644
0.067684291
