0.070203211
0.077248345
0.092558388
0.095921071
0.085678747
0.079884303
0.123470106
0.046402759
0.095874766
0.164437727
0.106025521
0.032339488
0.136247053
0.14334933
0.073251148
0.105086304
0.136444871
0.072377168
0.11574836
0.111312905
0.041560014
0.119155258
0.143943043
0.052682941
0.130400656
0.169222655
0.128121977
0.222186477
0.154765891
0.157502451
0.150118845
0.185818452
0.148311285
0.15634859
0.155712236
0.131823339
0.144652067
0.181875903
0.228412891
0.184610929
0.149994774
0.120661188
0.103768371
0.098455169
0.174574242
0.113996347
0.12599154
0.129872433
0.179219859
0.118888492
0.083666926
0.040976303
0.125314435
0.136036805
0.229378763
0.145176221
0.222147963
0.147344065
0.19301736
0.20548208
0.08825466
0.197170613
0.105875757
0.119762047
0.176398631
0.201661113
0.16049068
0.160374722
0.105267859
0.069509162
0.061728128
0.162654053
0.172376246
0.191748091
0.161450538
0.171559285
0.183173589
0.150677163
0.184943529
0.084257878
0.12970049
0.170773444
0.201860455
0.20395857
0.162038919
0.115711223
0.145107262
0.101331289
0.125346992
0.151297523
0.085840343
0.118128105
0.184317383
0.203309995
0.180726488
0.188787473
0.138136159
0.075655649
0.114527213
0.166494979
0.098669104
0.107363115
0.088719722
0.10734288
0.100925195
0.182983595
0.167010015
0.20429873
0.119593606
0.111585338
0.091924609
0.073152712
0.193166839
0.108488698
0.195337444
0.149809972
0.177012326
0.175283277
0.197376038
0.08715786
0.118747364
0.169437057
0.1240798
0.161512596
0.21328123
0.204871114
0.139781673
0.135797363
0.114579623
0.193012337
0.164535209
0.117045967
0.089122402
0.168080247
0.154222326
0.232691525
0.147604452
0.087716786
0.088422266
0.133687004
0.164399308
0.12245997
0.18430451
0.154923988
0.19203128
0.10816576
0.130281757
0.147712237
0.105217795
0.114553391
0.13672382
0.16506485
0.166365064
0.11070088
0.105184917
0.073897871
0.135721531
0.090491093
0.098078674
0.128766206
0.165744773
0.233288144
0.136723086
0.148275016
0.253453478
0.097383973
0.155940796
0.20562219
0.150196917
0.062766079
0.129494642
0.230368566
0.125854485
0.125283483
0.080360171
0.119795121
0.15822675
0.104632134
0.164529575
0.185941148
0.199403901
0.106618487
0.217216545
0.077847682
0.079373456
0.17516011
0.102349541
0.141333437
0.14501256
0.189527285
0.122177208
0.185416506
0.221280271
0.187728629
0.197301659
0.104012925
0.126853464
0.141046831
0.163729614
0.111154115
0.095133573
0.055801036
0.09989883
0.122762368
0.124776592
0.138495663
0.109129003
0.23717644
0.119910628
0.129213166
0.190843493
0.09239232
0.167763527
0.147929326
0.115630351
0.194055865
0.14890856
0.084013466
0.198415533
0.120558396
0.138528045
0.146435468
0.135414051
0.099071278
0.116848769
0.128744371
0.11453805
0.128794791
0.113545871
0.202701742
0.129038769
0.083260683
0.146019441
0.071970638
0.111810999
0.130320245
0.160576907
0.215100628
0.064856417
0.10390054
0.159781347
0.180453992
0.08613751
0.226205682
0.12223242
0.066601368
0.266529507
0.189052744
0.247672038
0.12239144
0.125507657
0.206303473
0.17179822
0.169531658
0.112688319
0.121651095
0.178187593
0.1246628
0.125579462
0.176173518
0.097459404
0.14693868
0.156688018
0.143829129
0.157482897
0.10680106
0.206449372
0.193012969
0.156185385
0.111519699
0.179405541
0.165480594
0.145510962
0.154401631
0.130245483
0.119300562
0.147535679
0.115865571
0.091849461
0.123832218
0.145831226
0.081737377
0.146473061
0.178684389
0.169600334
0.105301135
0.121577547
0.131868521
0.104641571
0.113417981
0.180655342
0.137460991
0.101713867
0.14313459
0.071576146
0.077706697
0.179947837
0.133415994
0.10433991
0.188191122
0.190114287
0.145547168
0.151465677
0.132271459
0.108828173
0.099422783
0.133615277
0.10864189
0.163810569
0.138064593
0.083213843
0.198637638
0.157370001
0.167340929
0.116100251
0.158134671
0.080553955
0.157413973
0.132302001
0.098864811
0.209620709
0.123704224
0.154985781
0.225493693
0.155611758
0.177765055
0.151816348
0.12574075
0.126319761
0.140800606
0.070527755
0.114377731
0.14595355
0.090178942
0.105188888
0.129827998
0.173079175
0.182112505
0.101489144
0.140554835
0.066715163
0.128020295
0.113741264
0.093419441
0.140707383
0.108406692
0.087316366
0.134346421
0.083144176
0.120878331
0.141180289
0.082696345
0.158264843
0.12885887
0.126483608
0.172837537
0.092949502
0.128244657
0.100620935
0.172948934
0.131080059
0.098235725
0.175729252
0.129342864
0.105834196
0.073820301
0.115201319
0.076266449
0.14688207
0.089108897
0.162712442
0.140862594
0.203226298
0.155163574
0.086889057
0.20763273
0.105597029
0.092199701
0.108306496
0.167240804
0.158104264
0.265848399
0.144723056
0.182397158
0.130900901
0.186311333
0.125355006
0.147823026
0.134732473
0.071911247
0.049212011
0.119789157
0.068935651
0.108846303
0.104202342
0.121375052
0.131762509
0.169248055
0.09836422
0.103511926
