0.180463088
0.08563715
0.102642079
0.087171421
0.071525118
0.149049697
0.124848425
0.191736709
0.233261796
0.243080985
0.25343279
0.27405978
0.302134367
0.31445398
0.473578185
0.424489447
0.349239677
0.387454025
0.387052746
0.364074042
0.498818231
0.35172228
0.480363314
0.428503534
0.459417052
0.467233034
0.419859581
0.461019093
0.48268586
0.648142062
0.476276621
0.510144694
0.453826761
0.482379903
0.599910416
0.545338796
0.5328318
0.479552442
0.598119056
0.5850839
0.566037331
0.564620744
0.547405632
0.561880185
0.543224757
0.686614051
0.638914141
0.660538142
0.599782664
0.620580295
0.615914967
0.654847255
0.5173801
0.575106292
0.627036917
0.657990787
0.589278853
0.622282272
0.586765861
0.620113429
0.652742504
0.6114937
0.649702837
0.687313161
0.625094466
0.573508369
0.68013375
0.564508192
0.563537045
0.597512546
0.49954832
0.637398658
0.577173302
0.677938655
0.606769704
0.575254123
0.710625872
0.626788371
0.603148192
0.657460251
0.678643557
0.606618694
0.64755934
0.653351386
0.617964769
0.552707734
0.598858281
0.601656249
0.536825555
0.550985557
0.548832384
0.579807834
0.510269026
0.68539482
0.65373894
0.655374992
0.629130247
0.544017455
0.585232665
0.652680711
0.658585934
0.66795152
0.532989576
0.671441278
0.662063542
0.574987668
0.643629832
0.668673224
0.504676887
0.655705735
0.624259564
0.620957324
0.640829737
0.657581635
0.659359252
0.699376313
0.662865629
0.550421002
0.646689782
0.737018917
0.632301718
0.68070408
0.627580416
0.604590277
0.647476289
0.592260477
0.589772363
0.717148206
0.722839413
0.659123949
0.634652083
0.623924199
0.632610854
0.656357256
0.650973642
0.620556098
0.564917157
0.632633789
0.687916049
0.691948246
0.564457016
0.674450054
0.629230633
0.611300639
0.571838221
0.65839743
0.712505132
0.668573489
0.630129205
0.681013967
0.650752701
0.711604039
0.589871718
0.725028667
0.60989756
0.692837735
0.627751352
0.614251552
0.716281512
0.656859744
0.631110059
0.67770682
0.68935235
0.695438488
0.710693973
0.702760936
0.735108346
0.701697487
0.641322433
0.685994715
0.597005211
0.75222898
0.55697118
0.668411742
0.643575343
0.670840397
0.718644751
0.659013228
0.583936807
0.651741889
0.666875545
0.675318406
0.699886602
0.606140151
0.646435708
0.675127569
0.735131097
0.595217883
0.656875755
0.710885041
0.627604314
0.625494796
0.728416538
0.690152035
0.644632736
0.700303404
0.601421384
0.674190109
0.601127115
0.717909936
0.703045956
0.652556866
0.639680222
0.715466047
0.648786566
0.670987722
0.680737294
0.695425759
0.661223483
0.654997532
0.586853584
0.661695548
0.67369994
0.772669378
0.718127075
0.671206161
0.706258113
0.640808558
0.594697575
0.660276133
0.674944791
0.70709316
0.661695617
0.666233223
0.624371016
0.595908137
0.686282916
0.639105508
0.675461495
0.714177052
0.636485171
0.595218847
0.636991469
0.707573657
0.719043858
0.595971316
0.653888159
0.617810403
0.681898981
0.63931703
0.678020056
0.592892304
0.540923383
0.673170743
0.615867687
0.604615523
0.598632677
0.650377038
0.657816866
0.637721404
0.590450278
0.693430058
0.640779712
0.722449668
0.55694469
0.620671427
0.592759153
0.685474185
0.670337605
0.591917364
0.69260512
0.672860799
0.631691004
0.649487635
0.616359983
0.665218852
0.7207336
0.746440674
0.561504118
0.604318243
0.646600393
0.728953664
0.612525855
0.711616472
0.641114051
0.699931889
0.698031267
0.644827688
0.714867986
0.644091229
0.715949007
0.663300723
0.682297869
0.664516318
0.743541373
0.547607248
0.628378058
0.766857855
0.664153684
0.647271635
0.737432992
0.706492544
0.673544065
0.745474753
0.65165371
0.682449939
0.669067824
0.726615822
0.675886252
0.687892449
0.675700488
0.724651021
0.59439123
0.681501768
0.639018367
0.660604409
0.608336105
0.694885292
0.679207478
0.699320635
0.701339898
0.665202942
0.508075266
0.701166388
0.715811388
0.703574548
0.65641253
0.567083134
0.639643912
0.80115575
0.73490087
0.639932563
0.695778972
0.605019669
0.716280302
0.610879729
0.635520372
0.692337612
0.69167508
0.682234175
0.65878492
0.706533499
0.673303688
0.710317462
0.581574555
0.670840647
0.613386154
0.736860824
0.71947576
0.700952544
0.672059179
0.714818327
0.565425104
0.647716487
0.671115813
0.693162219
0.666931881
0.759851531
0.610420361
0.714057879
0.612449607
0.698673669
0.730457797
0.691537274
0.688499571
0.687540973
0.742743914
0.654345279
0.662831955
0.680135841
0.60036251
0.649906841
0.647211542
0.620816287
0.751874232
0.696793841
0.739936098
0.664386186
0.639488546
0.6264979
0.680518107
0.575560822
0.621786684
0.534729744
0.681079072
0.720463935
0.626136422
0.735704269
0.724788243
0.675517477
0.680204611
0.643664063
0.687565962
0.62597671
0.642085453
0.635699061
0.669260056
0.663757892
0.667335592
0.679250886
0.683829725
0.683991329
0.683648423
0.651769615
0.678368401
0.714505243
0.629128401
0.74153023
0.624859953
0.685812266
