0.41675872639306444
0.5428469931631241
0.43352033634309917
0.43327146272947925
0.4662371648293598
0.5135542307977761
0.4660324281870567
0.47733750475311315
0.4105177832826624
0.47592231122086737
0.5342310398335267
0.481969183546875
0.4327382291533047
0.49096578527561646
0.4971348396714566
0.5892985665941752
0.6156674549769741
0.5039925020821041
0.46963802590091736
0.5245997050604615
0.5712438923827509
0.4882594981424333
0.42900316013031964
0.5620316352750864
0.41765501564588015
0.5419465485537491
0.523470541863497
0.49913233383107425
0.4994836895212833
0.5020572534373183
0.5280295928482804
0.4965007921477955
0.5181972665901324
0.5277118736755017
0.5575001662056621
0.5435564037559879
0.4740958652251085
0.49624928494038345
0.49218906254643385
0.4698515883636117
0.4767838859805546
0.45598436928742847
0.4809315590132681
0.481592024166629
0.5125762569982556
0.5286600594525808
0.5335329579611108
0.5737012791242826
0.48417057442408984
0.5106075510475259
0.5422683720501602
0.5722355367794687
0.5245903058502741
0.49778750402597655
0.5417619910664692
0.526751708507232
0.524572386778399
0.5083060374086543
0.5045660611530551
0.5413347522999887
0.5673480074313979
0.4990988710808651
0.5459980857647111
0.5175468399405089
0.5505865923949588
0.5409124200234032
0.44960363144266635
0.5198880692717178
0.5159152947235603
0.5253205240220021
0.5187784303219198
0.565515377553763
0.4582661555923623
0.48793475968283373
0.4924411307978234
0.5885100415254048
0.5579894343303654
0.5511936914793238
0.5442789826051976
0.4673058437747792
0.5084777590323708
0.563568338261734
0.5230024523117995
0.5207774499890584
0.4749525809277391
0.5567689741570621
0.5320283784211667
0.578571146989144
0.5441342993658952
0.5462880391804129
0.6447004399991141
0.4646629561618429
0.5769665601383605
0.6002977987326893
0.5108559226214003
0.5315376591673425
0.5719233958319542
0.5426981699866855
0.5658814638211391
0.5416691430483815
0.5322220557163665
0.5789179302277613
0.6248622147686497
0.5938866132877008
0.5773330724504405
0.5463374081143618
0.5792873071766786
0.5222437391587649
0.5322884780658639
0.5522351359241922
0.594857227218456
0.5742465615192238
0.5461499498530551
0.5324741861362273
0.5442047632065855
0.5567297884348119
0.6128122165860342
0.5959488760240336
0.5685228378723991
0.587065116053741
0.5929654019567178
0.5753370361597546
0.5685863254893279
0.4957481563762867
0.5328261853231082
0.5369283170116838
0.59120351740365
0.572882457429307
0.5155692035690159
0.578568518986083
0.5663920726613197
0.5384477961440337
0.5713812913818881
0.6043168721258345
0.6003650237570994
0.5785284340027534
0.5647180831737095
0.5657720489188944
0.5224150678742854
0.5241280249637988
0.5563435222826937
0.6019296071542657
0.5897353723307496
0.5715078510591444
0.6183636567204054
0.5096736964718321
0.5284864795178323
0.5307109266531954
0.5710082881871003
0.5368215256669762
0.558365426359193
0.6450364900756861
0.4970494653097478
0.6058421569344599
0.5576252783197798
0.6061806407588307
0.5608098069793851
0.5467694956855522
0.5517704555229108
0.535271224395313
0.5710990256867078
0.5562963319614017
0.5985995763324381
0.5424600047321135
0.5385478443213734
0.5908688232350016
0.5971718583345292
0.561194274706099
0.5841644565090034
0.5947886322910247
0.575920819465275
0.5022006792886333
0.5235628049550554
0.5176663315152998
0.5381358165831386
0.552568002736274
0.5588824090326971
0.5841831209596628
0.5857908158351709
0.5892949292747811
0.5850232480404418
0.5906840322758381
0.561582865428883
0.5450233445011834
0.5436958419302703
0.5308722279367631
0.5824505013601244
0.5331966662983786
0.5808026517407859
0.5862891083839491
0.5185610595221146
0.5779464916133827
0.5569638302075994
0.5420930856769675
0.5497069871573215
0.6165161944452449
0.6029608235067427
0.5410784771332336
0.5999699797393118
0.6198651329104602
0.524320509638701
0.5347385164990345
0.5534133065167838
0.5380376466208566
0.6231430286674954
0.5497772666983228
0.5973177704171798
0.5445112226516424
0.6368682243499114
0.5709092564408359
0.546896521476112
0.5290277986653592
0.5119220539984018
0.5813606001602851
0.5426426139647073
0.6397697146818255
0.5693060544259599
0.6043506180336538
0.5254459373044419
0.5810199162698126
0.6147221255548666
0.6487059148643263
0.5754604318679506
0.5596110519038389
0.616501261642715
0.5880382703281346
0.6019366020009873
0.6183893596521716
0.5140145789367964
0.5519396240295003
0.5831566311776114
0.6245730850403689
0.5461166218792782
0.5523528614513868
0.5798441926940981
0.5613472742679411
0.5936838702462236
0.5794719557831128
0.5964296218285285
0.5483276106457351
0.5754103316019522
0.54916162896027
0.5651851524315976
0.5872428215448356
0.5718906546911988
0.566834788049416
0.5735325943437631
0.5758343317903923
0.5795296750709125
0.5799272868393639
0.565754815363528
0.580452564518417
0.6258767199477931
0.558606467214047
0.6016865318555814
0.5662833456508376
0.574515645978632
0.6330430079938156
0.5479531868313285
0.5971448098769485
0.5661754714092018
0.5043810965077149
0.5424036288820584
0.5270642659550198
0.5869381269085081
0.5637900335611719
0.619301791112848
0.5881352439517689
0.5197162923086337
0.5958186583198732
0.5940782718043823
0.5628172920763098
0.520522319883457
0.5437620295134686
0.6209210645646132
0.5658690193757856
0.5775336425367126
0.5353710754247554
0.542788694111864
0.5648772256136095
0.5740409573328855
0.5528184826214588
0.555066028992894
0.5545991162226969
0.5990336706187684
0.5923345681820391
0.5606862925595967
0.5167801351805755
0.5565133260461355
0.6012435255284758
0.5894289260694527
0.5676466967160181
0.5477165668875689
0.5366084339253185
0.570419251561005
0.6423025291619471
0.554732020494998
0.5806079036004123
0.5159742569177983
0.62632633705428
