0.5544142930397975
0.49405716610686207
0.5136733904186105
0.6380944626184109
0.5843698762077076
0.6334461478615526
0.6374286660191502
0.6575698487112992
0.7619415784371524
0.7566175171958658
0.7032401787173518
0.7445127077405047
0.7754140790110602
0.7903594702615611
0.786727679801956
0.7857846189032468
0.7608915150221411
0.8305318932913849
0.7408174267604419
0.7553124995262934
0.7918955181467419
0.8077554378775573
0.7801804827390686
0.7912570253733764
0.7808463390579036
0.8190409674045274
0.8026631298587008
0.7580970241542249
0.80612902762941
0.7988538713758656
0.7836861649963833
0.826089936976689
0.7737384287505855
0.848895468623177
0.8494595479093683
0.82231120352826
0.8555552737826438
0.8370698153400082
0.8177600099166387
0.8084060010899267
0.8738724040738919
0.8382491563549681
0.852115694500751
0.8445575026340212
0.8675354791153973
0.8693466824705414
0.8333061119932802
0.8550238528417811
0.8261289504226434
0.8373621585005315
0.8442406859267273
0.8783418224651871
0.853310791008911
0.8516211391620905
0.882891764832519
0.8672833121060808
0.843731599438042
0.8686569551464395
0.8563721231130895
0.8334379437146152
0.8691155480505637
0.8307571166030823
0.8631246603338345
0.8735627212255718
0.8281956277819018
0.8735981081999213
0.8816518623570891
0.8481207879944398
0.863327032034659
0.8654894256226713
0.8996125645655118
0.8965901040105522
0.848559696890768
0.8553933560229565
0.8802626256994015
0.8521539062043926
0.8825881914120085
0.88387963429855
0.8640519058895482
0.8599841435324785
0.8698086568669104
0.884318849363771
0.8751363364599936
0.867509981922454
0.8728215656656773
0.8693057803855166
0.8917050026183404
0.8903875318135093
0.8969399347286402
0.8949055322060087
0.8776626857059133
0.8617952011499594
0.8954067880386942
0.8989388318538569
0.8796956554945483
0.8634604573436352
0.8771955961817905
0.8631213224607374
0.8618190757724531
0.8931643091333953
0.9004254579700127
0.885037655016569
0.8785232714101532
0.8773266173857092
0.8827652658808821
0.8583617426676426
0.8638792778900537
0.8760347354421786
0.895858152910977
0.8840481789551582
0.8793884262965636
0.8848063450975747
0.8567686118911265
0.8735098434981637
0.8514984636996049
0.8772791889116943
0.8874704435698832
0.8573388454755786
0.8740307319494012
0.9023884486464564
0.9062187832084007
0.8693829846443452
0.8785057371241581
0.8572179205711314
0.8816642254978913
0.8912943591807208
0.8956167673607904
0.9030935920194694
0.885805676323321
0.8685400579061804
0.8858194097530667
0.9058983909486862
0.8699392075829768
0.8795101975985465
0.8995958984589084
0.8942536512958312
0.9244217820248382
0.8671098616687217
0.8913204521514562
0.8780208667460139
0.8619473844116555
0.8857673626137098
0.9023482519147231
0.8903301470482283
0.8980297560081963
0.8959542010610679
0.8973820629754552
0.8913658141955164
0.8847930463048644
0.8948961374706046
0.9070935498018246
0.8845086073290022
0.8995353260104195
0.8897082818889892
0.9131058173403787
0.9109400824807166
0.8868949771722917
0.902943174787801
0.8892992031490987
0.8824800093692866
0.8848462670929076
0.8743728792614618
0.8926283886984445
0.8606832527291901
0.9030394529426256
0.8877187176848338
0.9129889552319325
0.9074570923575322
0.9042996460234549
0.8657523798400039
0.8836059436088373
0.9089339253479647
0.906598916962553
0.9030071365377049
0.8851833561402277
0.9190465299405778
0.8888378619876878
0.8735340414551225
0.9065072652807562
0.9057306798723884
0.893360175298237
0.8858192434636092
0.8967964461054627
0.9013896005496036
0.9241112924324127
0.9012327277935641
0.8783189328436041
0.8910696367480921
0.9162636308562778
0.8888921998700259
0.8973661404458666
0.8886612557309453
0.9032742726018137
0.9016885523858773
0.9056764932933443
0.89542394146389
0.916908405631496
0.8836424988878132
0.8924392265170205
0.9263896157741216
0.9018509304197394
0.8843851769511462
0.8696259139436359
0.8818665995708692
0.8988148596334966
0.8736695282706805
0.8833814698021667
0.9313562885862086
0.8854021670917985
0.8989271250267553
0.8846969933326336
0.8996741924169678
0.8846324370460644
0.8779206330262701
0.8704196325604391
0.9101892305621192
0.8881731598786791
0.8845587652394169
0.8798834364292777
0.8796310294439404
0.8868376624783991
0.8912334349076284
0.9200605332322992
0.8921702473675479
0.8951959848832486
0.8845374096492093
0.9018710300012159
0.9201875065128741
0.8825865210344362
0.8975247286097117
0.8836284102911012
0.9096268355951951
0.9034967050516741
0.9023759715196895
0.8916640020193721
0.8716526039212009
0.8909798702896017
0.8954167268960724
0.8969240013377971
0.8867164759102046
0.9058112139616779
0.8966232393044546
0.885104611850152
0.8841549219042149
0.8931763440023287
0.9132391247528355
0.8866266894239396
0.8881728150276157
0.8957424856208911
0.8926461964323265
0.9037364119363678
0.9000790982621039
0.88398246336697
0.8859220084115403
0.8807739037128159
0.8904316593986772
0.9007336420337226
0.8954636660027667
0.8915973836417646
0.8947236392340805
0.8765457428907855
0.9051967224825432
0.9043971259176669
0.9071101584074567
0.9060870963984782
0.9064291144959389
0.8803243383730452
0.8996686443481344
0.9103212929251372
0.8952876854652102
0.8853934951813702
0.8848338180078956
0.9162984277580272
0.8931382568523162
0.8662242481155371
0.8793127327268895
0.8767838647108135
0.9080585313374561
0.8760956977631977
0.8808928963459015
0.8872989738581291
0.9116769186948146
0.8981285202250167
0.9029343190401796
0.8752537909324346
0.8996865062641362
0.8885920175450611
0.9018430156492316
0.8852457194428401
0.9012324182464079
0.9160262091185916
0.8916678622196933
0.9082618716740967
0.9024703102939318
0.8978305879250204
0.8747365950600503
0.9108878355460144
0.9054941584279078
0.8899024682577285
0.9138755615930672
