0.6112211823732528
0.6189483664240663
0.587120887989513
0.6205464791602491
0.6853143567205815
0.7162315765643638
0.6258782474280264
0.6223938366885206
0.6307370335344153
0.5954005302930409
0.7317564031564471
0.7146061393185846
0.7442179770857151
0.6599144863797362
0.7033660531608028
0.6909570982001381
0.6975731389102056
0.6819243058641288
0.6537381152278303
0.7240733459748937
0.6918210329210643
0.6722244306363977
0.7192358700660734
0.7382352109287995
0.7053787892203298
0.5952841605387639
0.6943310772163367
0.6852736011279539
0.6850981167713066
0.63188872626706
0.6756720412033334
0.6437033658818199
0.6468516389543005
0.7244277838951335
0.6206914746309201
0.6589238947988779
0.7112268390750656
0.7155830858249271
0.6372457239591126
0.7027350266480263
0.6735496998010477
0.6036483168782463
0.7544662062774581
0.5918557254050241
0.6865711225382028
0.6766686499078471
0.6672909515854556
0.7301370826342226
0.654596918861736
0.6709767014300497
0.6469985592639278
0.6632960127725379
0.6547105635368298
0.6907469310240443
0.7331271936210803
0.6965285032519187
0.748955908649149
0.6445966360524964
0.7166419730350438
0.7330842366460059
0.7062175005839125
0.6733598764703569
0.6777509824070821
0.6232342181161603
0.6740039213255361
0.6263429269786904
0.6653892818155707
0.6493379961052682
0.6651007980291069
0.7027365251469961
0.6505344680980958
0.687142764485625
0.6156044608089213
0.6447996395234364
0.6273546476702134
0.7222729739383668
0.6365477893321182
0.6750720898552783
0.5780651667625538
0.6828162749772455
0.7328512553319296
0.6055467618294974
0.6774789914898554
0.6331661720400257
0.5971719847196908
0.648731136111422
0.6613382927008742
0.6214375030626581
0.6512049677750118
0.6545760202680121
0.6811653837940326
0.6568210364855748
0.7486297692150637
0.6125716848970798
0.5911732076641052
0.6205132502695214
0.6963408175786674
0.6599400078593749
0.5708196338743987
0.6467287278177933
0.6773519696404746
0.6898178502743206
0.6740297960282917
0.631217996621016
0.6465388094905394
0.7218156727127759
0.6455172168827988
0.7318834866430888
0.6292419835799575
0.6558733587062526
0.5720793154327795
0.6450972501015554
0.7082099583981014
0.712095220599855
0.6071093227301716
0.616440627826673
0.633795150965683
0.63908067961474
0.6624143835283222
0.691895263238158
0.6994530319258845
0.6728827640471429
0.6571104398515139
0.6534215109603092
0.5897152334529986
0.7654704769020938
0.6871273086502482
0.717556337756047
0.7153421638951132
0.639728803801549
0.6889027813475865
0.6682589329823976
0.6303266300598818
0.6315465216314378
0.7853786461577258
0.6644295194875802
0.6616397077457566
0.6881516182858423
0.621581197313978
0.6393539083264531
0.7731515840778342
0.6518592973898454
0.5715225060331023
0.6873105354327664
0.6795156347016352
0.672468800427585
0.6969711714621625
0.6932213680300537
0.7113185647287613
0.6952675966911912
0.7398352983137573
0.7750414293974209
0.6867344178461278
0.6246282374878371
0.6764540980544501
0.7244597201450118
0.6967824047939362
0.7015737297371168
0.6582019005538879
0.6244613827239103
0.6982211089868025
0.6279800897661817
0.6363619199567492
0.6104400978633385
0.7213169821955115
0.6845609480469212
0.661484907059053
0.6222761823991636
0.7055206491024963
0.6395637678305827
0.627070686848409
0.7030209863908855
0.710072197651193
0.6666218907567343
0.6239832824682046
0.6498631921765397
0.5886002661453371
0.6385128267339599
0.7032868268608963
0.6675108095884144
0.5842081784539842
0.5471057320906965
0.5746981211015594
0.641043512615824
0.7163172450826613
0.6890825116193742
0.6321101850633197
0.5781511781075761
0.6609217843644368
0.6177759447229257
0.6133236671915934
0.667483615027882
0.6654556245320675
0.7317537632400314
0.7232502582656346
0.588039374430097
0.6574789651114646
0.6083549027154751
0.6167181312625768
0.616161415400581
0.6528993094256886
0.6820988281754432
0.6609466847873834
0.6525360407300284
0.7233485504290509
0.7369439560930167
0.6457701406682422
0.631912225005381
0.6683795987416814
0.6664354332846492
0.6528545856502884
0.5519122622532227
0.6938993665925709
0.6662649840805119
0.6615130443308372
0.6719457860705134
0.6376896188817055
0.7126252794830104
0.7480749389876131
0.6641939520932219
0.6805268847360785
0.6315551804731394
0.6532578050882604
0.675624938025545
0.6194383951743809
0.683119762663978
0.6396526805743832
0.6197523889671983
0.6661972670073271
0.614152249480471
0.6342632557604657
0.6356492509351195
0.6642245106478539
0.713583228078773
0.6426856058219231
0.6894923143897984
0.6508876678173112
0.6255489091975442
0.6099130547322754
0.7222721884886474
0.5941344177215278
0.6336871759696241
0.5639991794753364
0.7291517195369209
0.5871575674410922
0.7092779800826333
0.6770339228291353
0.6495880095184587
0.6726942487342888
0.6910730594547384
0.655512721466173
0.6177147231961749
0.6243551178675777
0.6357550803306319
0.7054017221658977
0.6114911657769921
0.6325179629524086
0.697957678173697
0.6716839330306406
0.6774252594004493
0.6204673845079143
0.5950364237505081
0.5820648610350871
0.6823616615474057
0.6241635566781445
0.6604659066982169
0.6930557984873355
0.6399662594474544
0.5802870594014679
0.712735973938536
0.6127455552496559
0.67795847194188
0.6515309867394478
0.643468146260774
0.6981500868066368
0.6470969004640663
0.6312218382576862
0.6998565395635759
0.6819260815328689
0.6306857165459635
0.6442929609698871
0.5729598822369371
0.5882309075426048
0.6955819401171922
0.567803354583057
0.6205860347651518
0.6764440715578249
0.6607823203655754
0.6450470655276767
0.6960307904615088
0.6408206554816889
0.64884776740189
0.6797977813886085
0.6978818481378727
0.6727722858778009
0.6837277785578478
0.6611418780897091
0.6239528688279546
0.7231116609518532
0.701292048781207
