0.593496858913217
0.6061650496428886
0.5894036138053464
0.6172298197298811
0.5897960511745659
0.5535618554136189
0.5855520084328438
0.6457104217102101
0.6874714947403493
0.6516049516477078
0.6392502602461969
0.6919550703786308
0.723374269257212
0.7794265975522311
0.7317345278159028
0.6668694872549947
0.7132974241379074
0.7164314627835826
0.6131866815651696
0.7135701834555349
0.7021574643418591
0.7398566226039159
0.7011738505125565
0.8253958064648812
0.7052589017633527
0.7519364127539803
0.7912799369173391
0.7285422419241282
0.7745439747449039
0.7845658266559478
0.7785930424246688
0.8003989286646265
0.7346623972006319
0.6737060314754271
0.7810850423477909
0.7443949371389359
0.7816434093129275
0.7454182830701618
0.7778342121424281
0.7901614087069493
0.754796260964714
0.8095659250135949
0.7741349277924672
0.751405587448675
0.77567151311762
0.754219408081669
0.7808783612678044
0.7991239541647908
0.7807027543519971
0.7928337616903809
0.7763937383949429
0.8173982289019218
0.823494574072849
0.8098953932966764
0.7974772327829407
0.7720579720208937
0.8193635776179204
0.8175315065961986
0.8293872686870577
0.8078837994272806
0.8130451659894165
0.8044903514570443
0.8171200419575912
0.7686707142828946
0.8538619173061004
0.7869699300630548
0.794840950584578
0.7825090913816743
0.8261512887811812
0.7948954599182525
0.8546716560763302
0.8049115417963165
0.8407657667163051
0.8077760381642877
0.8220045476409699
0.811308768885398
0.8087749579130596
0.8501464201952388
0.8559888889617927
0.8491927356468999
0.8622426400051957
0.8326087396941567
0.8201966191985433
0.8437739539906126
0.8056506111613224
0.7966524386910068
0.8284982938546237
0.8096881227415015
0.8176148202853766
0.8559668480594841
0.8498765648178652
0.8514431835799376
0.8351894053665065
0.8502380379114497
0.8373442892597287
0.875789840650669
0.8707475460065812
0.8261944952267333
0.8424648125818365
0.8901654350813711
0.872730058501048
0.8530136367494
0.9042388563996557
0.8883684825683427
0.8574087114705191
0.8123238063211108
0.8696775144988445
0.853860378012822
0.8339889809594027
0.8920047829989247
0.854566224812932
0.8550954004026415
0.8521887251993296
0.8312948461426141
0.8606297901290946
0.8501031065069526
0.7822497363127277
0.8905788687621069
0.8753809044864715
0.8517808379540932
0.8549109534214591
0.9006127621856612
0.884826640063458
0.8688759676561592
0.8787651057363493
0.8734817656566939
0.8275977752030512
0.8608053948563384
0.8616995796390349
0.8700645475506888
0.8210311849267166
0.8845412057420823
0.8661325056895599
0.9290220356625761
0.8913723541178651
0.8209975210100222
0.8674951811493882
0.8417495316801824
0.8720714076080185
0.8576403139605754
0.8530543328029705
0.8639921294580992
0.8997528688364589
0.8212039782640363
0.8745651507997865
0.8935963414286805
0.8738977629817919
0.8801722565860279
0.8851557017804108
0.8723435129473358
0.8683733893293939
0.8915303928369376
0.8787492245347247
0.8647349405861178
0.8787745328663874
0.8996536546256417
0.8998580196730703
0.9180099046970263
0.9193665094726052
0.866743885540397
0.8978225715053482
0.8722326312460507
0.8704206681780032
0.8780715067196961
0.9060615197581308
0.8730603718140595
0.8823368802973061
0.9012573617689037
0.8836451301440913
0.8829010820172785
0.8789726910651275
0.8732727713399739
0.8931368282519774
0.9053771516471268
0.8894020460768608
0.8700416854285576
0.8814548571823553
0.9043394741624065
0.8571264751093961
0.8996876561948846
0.8675534751518145
0.8527648734597696
0.8991134559778324
0.8678520617674254
0.8836233949574286
0.9066242320777391
0.8891120285328095
0.8677703474441565
0.8762410370494239
0.916777208934868
0.8938835008086613
0.8945805619649985
0.8708612149172458
0.9091670021969376
0.904836787293806
0.8839242999730809
0.9059939879739021
