0.09656908441524623
0.16050685543202356
0.22624835357164025
0.21916294406516812
0.3202699241605196
0.39979449079235085
0.4570094426455742
0.29592569327091683
0.41669649438664014
0.35365796206752786
0.5232640966512874
0.4415602671134275
0.46435791396891385
0.4804244873999832
0.46640947958307716
0.5537566675080884
0.565198067824713
0.6202494177000295
0.4974406614880256
0.5601839688975943
0.532513086811851
0.5637362607272272
0.580199498468069
0.5856306656890315
0.5408356933793751
0.4731510406497527
0.5270514476586421
0.47169969915374804
0.4346390714717542
0.469782857716739
0.5819312770361935
0.5033448038479151
0.547421148811585
0.5836364068000732
0.561934493816067
0.5287308469770731
0.5392396748815643
0.5809342856560361
0.5153861661758646
0.5400757865370915
0.5071501706329442
0.5216059585576458
0.550293169566573
0.5227745717223005
0.5927254974429793
0.44645287115216703
0.5313091319578508
0.6202134584867416
0.5080339521013796
0.5412398767092367
0.5175966980846993
0.5166762327545175
0.5623888221359359
0.5562243598824471
0.5618933989683416
0.5603894852151232
0.5572554967671441
0.5303098974344984
0.6273095125305638
0.596838881677488
0.6009268844453951
0.5220689779902702
0.549172868745518
0.6014264642591809
0.5800644361744731
0.550464774367534
0.5494612391945621
0.6383998721991727
0.5798441764311747
0.5138320390744843
0.4916397170135352
0.5882730258834792
0.5633810010021231
0.5992503193858015
0.5253458903678371
0.5572819062982316
0.6612496992728636
0.6099988919336827
0.6122913113441046
0.5990610810035206
0.5970421126476492
0.6194584963890928
0.5825572446611444
0.5672560107271258
0.6235002028173394
0.5808972466167986
0.6282601982603064
0.6780552513492653
0.6115332056466932
0.5419725512734515
0.5878552238352407
0.5574917058645381
0.638703760856032
0.6121762412052811
0.6142328235693667
0.6493973892009121
0.6483400313479165
0.6614287860859006
0.6327474431187384
0.6658115418139354
0.6628288108016716
0.6567176037146172
0.6988111511455044
0.6724691334709666
0.632311616698348
0.6280601496541353
0.7028819455736228
0.6170892523629444
0.6415588662227705
0.6101206990217231
0.652092257637745
0.665388934117748
0.682825481460219
0.6898167597701284
0.7051345500823964
0.6808407152826359
0.6400042458329618
0.7054088219858741
0.6558665107792765
0.6829039186788809
0.6223434977869631
0.6337439334198155
0.6210417343986545
0.6567434835766095
0.637481912647175
0.6178663077475481
0.6973418984481565
0.7059957289826724
0.6523222449860766
0.6639436958978762
0.5924952702740708
0.6659831445718815
0.6845488546362757
0.690668716271444
0.6275029913491795
0.6561902534104294
0.6712576390762541
0.6597374077274577
0.7143457115760627
0.7525112208998983
0.7141290268560089
0.6377237457105576
0.7116663008569326
0.6942831839538736
0.7376425709443424
0.7097549980878319
0.6354869554413152
0.6291076907762205
0.6913847192019072
0.7570076289533819
0.6756833500139984
0.7132430895478927
0.7793232549022073
0.702825372197252
0.7262152354058853
0.7182491795441137
0.721100970071206
0.690282462772682
0.7703293099381678
0.7605054400679391
0.739396961172977
0.7218419030197788
0.709898469355108
0.7108973991078111
0.7453158971543323
0.7606142477188096
0.7036016362339436
0.784871208113683
0.7140172290189646
0.744282531857476
0.7717807687220624
0.7947487727801337
0.8077184343891091
0.784773530886306
0.7420661551331744
0.8033389171260801
0.7891345372551449
0.7711762956917227
0.8306660342219694
0.8093509882766172
0.8255672058663407
0.7722155098574246
0.8239768891587852
0.8263776929739587
0.7832528735162531
0.8270027824853283
0.8105904102991002
0.848491013016826
0.8207156176960705
0.8108185733246989
0.8356227086520562
0.8662887489319024
0.8399218543898904
0.80581259120304
0.8446592959146019
0.8311246575010591
0.8060093162553308
0.7879002706290761
0.8710099826856993
0.8738803662288207
0.8295096645723439
0.807568965802858
0.8265894381468473
0.8723537590010348
0.8039444813484542
0.8881240828841618
0.8285141789403134
0.8269735495121786
0.8477743443584735
0.8406174690758892
0.8657024421127917
0.8151173786766316
0.8650165117367157
0.8670529614273743
0.8378902777975963
0.8350209713392603
0.8694980405630378
0.8759158023403473
0.8851318474969176
0.8870374565988793
0.845204829218148
0.8553098920951221
0.8560564408055116
0.8676457094780055
0.8684386870378553
0.8675910417730242
0.8598735918593585
0.8829596202461056
0.8701256479306878
0.8655457324055851
0.8550622102574221
0.8453079030235277
0.8492561039651602
0.8598260462113542
0.8802531834191937
0.8729770527095979
0.867515895408293
0.8595716163035428
0.8408323948695033
0.8819454964425312
0.876127517595042
0.8866362499136127
0.8882474532876161
0.8761094940364
0.8971204602278042
0.8942770482523406
0.8963949785109534
0.8432859925844169
0.9044943677497667
0.8998671350588732
0.8809598580407106
0.8996794380742268
0.8963922572471159
0.9140010287618079
0.9018410591042963
0.881972917155337
0.8904564081364092
0.9040815734848042
0.9364589639050189
0.8955295928323144
0.9105826898732786
0.8802209968022259
0.8889375331318424
0.8976096402472942
0.9001892547671497
0.912895509335429
0.9157741506927752
0.9172121841975596
0.9324926337888705
0.9157717895007336
0.9114334439611108
0.9219864324694745
0.9315052240586364
0.9188583445694494
0.9118269447183428
0.9358262207545011
0.9224827979511308
0.9188249525820776
0.9199545005455988
0.9353274123347026
0.917385272842191
0.9285535716281789
0.9452609925376763
0.9400405061128513
0.9385518744839857
0.935352158743642
0.9216555541090216
0.9461457515476199
0.9255200776772261
0.9379701753008256
0.936951197867432
0.9387860876843354
0.9376205176698461
0.9325479054664703
0.937848351082363
0.9471754452502099
0.9375423073499833
0.941066388910978
0.9370849512746098
0.9474662146284327
