0.7310161136253399
0.7019567988321064
0.7798055828359807
0.7903916927100445
0.7370029077380769
0.7265089250893204
0.723192326793647
0.7210123860884401
0.788804721411511
0.7074403213176284
0.7566297826859507
0.8115014350770959
0.8247817119997372
0.8016346833816037
0.8532438593762036
0.8476818331882109
0.8336078240116038
0.7940742974552951
0.8651790517713523
0.8309699950540029
0.8416896890249216
0.8383599006147865
0.8617228425803365
0.8279209337999737
0.8135025836517658
0.7975645435578261
0.7858801945800675
0.8472328120110817
0.8593576673828872
0.832400956726919
0.8415485956071673
0.8323036572184865
0.8553656246662639
0.8560912589355787
0.8634509220772519
0.8231387097819797
0.8373933401407356
0.8717591200001091
0.8829545534777619
0.8640488370021228
0.8757347481158332
0.8653871895191141
0.8641900897334482
0.7962011547433197
0.8408561795309184
0.9009066219180729
0.8109424522986857
0.8086995298956994
0.8555191063312906
0.8650048399073279
0.8127736584752313
0.8341666216892625
0.8780552478562417
0.8836452029853747
0.8580956398539176
0.8872243099684154
0.8626498665080184
0.888757483017387
0.877036357329718
0.8836802784466888
0.8210355662606468
0.8829200974351951
0.8605687678821308
0.8344955056558584
0.8285324996737643
0.8442744247589943
0.8749752670405233
0.8572866702796575
0.8654767682745657
0.8348323391544156
0.8817351734026392
0.8876913136210971
0.850416251995991
0.8583894277648264
0.8667814796919897
0.8583824908805966
0.8880541648561883
0.8774521484332005
0.8482679057386584
0.8843370103499973
0.8138476571362286
0.8543534583537772
0.868209020132906
0.8782639545404394
0.8605327807897067
0.9044491118352328
0.8947362772411991
0.8580779585225022
0.8816539571025415
0.8673682306042931
0.8946204688709927
0.8865872729464002
0.8677631423854419
0.8811084500362163
0.8494093217164507
0.8899157521124363
0.8693575674180654
0.8929875014162058
0.8932798285453479
0.88912788001212
0.8972722714508616
0.8713276573434552
0.8856723855139738
0.8645778442997736
0.8639706735486049
0.8846000755052273
0.8947164414046516
0.8924604228983732
0.8981654952012063
0.8908230589706996
0.8770683749223263
0.9202351616200535
0.8880516517274291
0.8884071717479678
0.9174704308728391
0.9075817909162263
0.8998113154370981
0.9120044470563975
0.8724646945068788
0.9202516871533151
0.8857743167965827
0.9172579750062873
0.9183005343745322
0.9020105717835134
0.8996842809717217
0.8854483347741201
0.9254462180007088
0.9049062560683746
0.8864777745557195
0.869928817828628
0.898378973630735
0.9151663622525599
0.9102794417442095
0.8719668251832479
0.8870268308454546
0.8909331139877841
0.8968912870154225
0.8599231251350764
0.9137749690392203
0.9095746312781362
0.9117246367733942
0.9112211426618838
0.900842092524879
0.9128680221334766
0.8669410078741684
0.9278710370493828
0.9268685777723595
0.891976440951818
0.897396895162672
0.8929327722989185
0.8951087505543038
0.8816648283464248
0.9205928129576455
0.8954211656641007
0.9032943568264651
0.9048548733218901
0.9054101078067948
0.8634070271212966
0.880365975306724
0.9059995406323177
0.8809441919650711
0.8913660219842221
0.9022698987690193
0.8843165101730348
0.9121756865388557
0.915043697599448
0.8890969226094206
0.872854507975895
0.9087430018117845
0.8892340822493265
0.8861247100408048
0.8782930976266247
0.8795697894650651
0.8863576714746563
0.9002646338940362
0.8951281759055478
0.9175879742322189
0.9042899219063069
0.9081524291872833
0.8876782987745406
0.9260481603044959
0.8802741413682845
0.9018125454351024
0.8938618478130517
0.9040986843890995
0.9086824702704017
0.8999285419642421
0.9041660930942126
0.905578525483955
0.8822294320220812
0.9196092548314505
0.9214658709371374
0.9134061471167054
0.8715974299093755
0.8987507925999108
0.9248960829867393
0.8889740269418864
0.8796608477446901
0.8755797828630275
0.9201627718243607
0.911019329466043
0.9161285549087366
0.8641546989540974
0.8797371853057948
0.8921027837872686
0.8975525216936541
0.8981779117200066
0.8709756928242681
0.904767871349689
0.8747824123790717
0.895805726226671
0.9094262307335932
0.9216886780624766
0.8872923543090303
0.8765453334071026
0.8882506953368582
0.888647323442388
0.9154312160483252
0.8889860104152018
0.8947981948323219
0.8901582362513615
0.9013702275213417
0.9054540412134349
0.9044437052496308
0.8924214346038626
0.9045299931357935
0.8625133012655148
0.8849665302166528
0.8923078978265562
0.8953318854403308
0.8958058707476448
0.8781591217035285
0.8856803114161467
0.9355950790916167
0.9166762534625491
0.8865211269770326
0.8627622262164094
0.9104002225850429
0.8817211819064573
0.9153556590809293
0.8989483686623847
0.8892327071079021
0.8433384996856421
0.9160623577103697
0.9226273028054044
0.9135152981739356
0.9020630496830393
0.9259046109047138
0.8906886313570274
0.9039150000324006
0.8813600197696946
0.910027969955709
0.9078712401470069
0.8592994037840006
0.8944761241150422
0.9043990486724333
0.8894146885620268
0.9164096638556695
0.9072329681905738
0.8645601711111317
0.907939057451092
0.9149042362531358
0.8845325019365621
0.9342055059281498
0.8611091516366104
0.9161715321301832
0.8963011182654574
0.9352118870644756
0.8750629968405995
0.9041541136329526
0.8821870609083687
0.9422141557809784
0.9064755947079869
0.8989785500275455
0.9155386835107897
0.9164335722965923
0.9249887568783786
0.9208845296597119
0.9061035542473761
0.8650122099423483
0.8940198012419177
0.8904051973846329
0.9090402724414373
0.9166190289219671
0.8802059800977868
0.923107590706864
0.904592139800535
0.917085159522804
0.9022944676798614
0.9026669467047116
0.8577248079923667
0.8739429253510809
0.921474750423539
0.8737037215007136
0.8958213767539107
0.901358600422488
0.876539364980484
0.9218453388700396
0.9294147870332721
0.8909230838264965
