0.4556746465789471
0.5539870439255621
0.4687785197923754
0.4836533360854542
0.5435439516650076
0.5410439089001545
0.6027314255154409
0.5717994872118818
0.7052050296738258
0.558079035188738
0.6959693010994098
0.5515843088851243
0.6686387856500863
0.6099991543872885
0.643072726126692
0.6343539600437982
0.6842022239267311
0.6334364510791217
0.6900179522865214
0.6888600294156746
0.6932830960489575
0.7116875881821847
0.6714963758431123
0.7222907573998782
0.7072544354572845
0.6885176841979891
0.615197009457055
0.6918886836596009
0.6390150576857456
0.6406058978260809
0.649689756120041
0.5938875246917001
0.6395563373357486
0.6456160926467934
0.661057742153768
0.6592445613781923
0.7086900889016907
0.6360086313457699
0.5717132416200694
0.6224719289963165
0.5701378696737415
0.6535534244814505
0.6940153148870266
0.6790799845592151
0.6328232924170724
0.6689920107154121
0.6679741858460022
0.6465622988919459
0.656979246213387
0.6466426732591557
0.6990994917122662
0.647957490333382
0.6253369173135049
0.6206552034308965
0.6761617127699691
0.705198220472822
0.6119900324192664
0.6841169141336481
0.7118114068834756
0.6020776383272539
0.6712456343610584
0.6784339451976791
0.7041515275232254
0.7005040477497979
0.6591985078903064
0.641495736645322
0.5990830262627196
0.725803247334084
0.6568284991823116
0.7113485378595534
0.6526703237751719
0.7446737392048414
0.6904414880049261
0.7085777514654314
0.6883559566530524
0.6948070491336765
0.6602125691903473
0.753431347485235
0.7046239532691365
0.7539358549592496
0.7586320601763273
0.73004872414944
0.6743968318591211
0.7865086020305312
0.7536444859759439
0.7397771824760574
0.7457966199880869
0.7118022292394307
0.6794477853375248
0.7284500060396313
0.7572343531797667
0.7356699363012986
0.7801194460532119
0.6950517923049753
0.7438799600315921
0.7149406788903857
0.7308479762542099
0.7062227674278566
0.7186583527466979
0.7235552115522859
0.7673325284811837
0.7142318064435343
0.7202375840202031
0.7511470673681664
0.7235672667436372
0.70007389149055
0.7108230040264838
0.665522783297059
0.7601171850505025
0.7314203764180259
0.7147438401778589
0.6845187443113814
0.7067613601247624
0.7526991666298491
0.7261804921879766
0.7343124967060521
0.6731113455074427
0.7568427210511144
0.7291162350042553
0.693221098064241
0.739954606360346
0.7520671833877368
0.6942567392922001
0.792232450213111
0.740508174781577
0.7824900774052094
0.7719645740039744
0.7833686540896212
0.7772243728723814
0.7427953271624488
0.7869197568785692
0.7814438210935168
0.7173758398122234
0.6935634153011306
0.7126769885181323
0.7214534512411848
0.7370251290722725
0.7235902191877523
0.7803352545200767
0.7504965951429887
0.7697362186986156
0.7836866106020295
0.7801646989786032
0.7689047243725804
0.7477957645502643
0.8287001956376254
0.7161699643473792
0.7648513851391199
0.7791044266007104
0.7226387867846975
0.8276080817942256
0.8032053059311253
0.7669892673647076
0.80755036737239
0.7792275180196391
0.8136511462639596
0.7684177359339437
0.7930273427971545
0.7781321602324421
0.7366579833573372
0.7589197946524557
0.8496066121468641
0.7658914262882336
0.7930770582577631
0.7903178118887455
0.8112476847573136
0.7514028068079666
0.789006910055527
0.7777245765890387
0.8058278713198513
0.8288387767595552
0.8480064867106909
0.801734170145056
0.756665424794263
0.7815705495451323
0.7972870331794037
0.785013901649155
0.7598041730816426
0.7789270732146021
0.8065250174643852
0.8288897182889577
0.7976316372000567
0.8121401494816114
0.8015680132097117
0.7719902666623506
0.8201476975735738
0.7950401937413267
0.8361036799358171
0.8048930130992341
0.8046467429608389
0.7898211949920899
0.7614069866759043
0.8036949007068787
0.8341402736513471
0.7974449813162682
0.798654005618623
0.7823479250232899
0.7965585141605689
0.8361872372037522
0.8303159809408373
0.8448850239400449
0.8168709730817911
0.8154792122980407
0.7820959147145663
0.8035872961361065
0.7812597080701975
0.8227147620682601
0.7496191523263833
0.8115949076834786
0.8169297009881207
0.8199560773554193
0.8114152077244696
0.799284886764207
0.8121032035618387
0.8269861782573489
0.8372435884754795
0.7931593547346083
0.813992901646604
0.7711671244746229
0.8425919472167696
0.845119656319036
0.7914977007932466
0.812804616195475
0.8359994902872426
0.821687625242619
0.8441164738447448
0.7726838375072257
0.8103056303032945
0.8387564425012204
0.7795018055183789
0.8577226093742534
0.7844474219613076
0.8280557235036822
0.8232104422761178
0.8378149184686157
0.8530742891867579
0.8319388288786987
0.8344261109152548
0.8324473736162306
0.8391096959042936
0.8005798758282895
0.8434850147266468
0.8162014175013528
0.8279577327640235
0.8422830205068683
0.8058040532895513
0.8162104191321473
0.8098702786063804
0.8232730633635874
0.8253258134697739
0.8532272015660294
0.7921074377498181
0.8556755097576394
0.8005343615504099
0.7878422929930864
0.8354589596034453
0.8192560060630795
0.8576115949520926
0.8286913847975415
0.7915178473153738
0.8605087695867593
0.82284241371138
0.8028662376655843
0.8367439289443419
0.8463110150630317
0.8242887346569626
0.8568255242838569
0.8179572676422369
0.8278895706159645
0.8285645932289046
0.8194066140563553
0.8203516362711968
0.842315638389495
0.8305994667308804
0.8550509502107186
0.862664848540567
0.8136549438120632
0.8037025643639388
0.8497407617215961
0.7931693884743755
0.7955312425038361
0.814703376332331
0.8286127507690692
0.8276082100430442
0.8097154061487245
0.8058140863408912
0.7942407289238738
0.816316066612511
0.7865779861230064
0.7600370944785645
0.7616659673627143
0.8633943038893912
0.8353943351358563
0.7828473413983059
0.792725287102038
0.8051404231748756
0.8184747288504424
0.822503478883891
0.8379295328319021
0.8591056825590458
