0.7403707074428905
0.7100667314694559
0.7886174784879436
0.7244653896337668
0.8049973331678698
0.8579774426470623
0.8012952540049799
0.8048842839337678
0.8530550714808232
0.7940077353574914
0.8067248555060005
0.8226228383863343
0.794578264600419
0.806070404315337
0.7971238231864575
0.8305976153684315
0.8105632480404001
0.8903216364428811
0.8330378432071214
0.8634031732070762
0.8380571699602175
0.8527367428211781
0.7571824855794589
0.8385013386494944
0.8717005557937808
0.8880776151491148
0.8843061393167128
0.847775823746756
0.8735791906237287
0.8235682399028942
0.857038526987638
0.8469715037139072
0.8217650279135293
0.8460967857382482
0.791332623218752
0.8429702269598952
0.87309409043968
0.908466038796863
0.9061659979309642
0.8485235450693779
0.8613798599353186
0.84441316061032
0.888024877753989
0.8848628963911518
0.8548073693046039
0.9141266764678807
0.8063950991109345
0.8809178387323519
0.8730163919428463
0.8695184637655791
0.8486400639770479
0.9033771107822945
0.8629196138553592
0.8940247508545195
0.884567695579995
0.8620005036076585
0.9046710834654664
0.8587549847063322
0.8747743210774926
0.9108182323362891
0.8776392734509839
0.8796648261088867
0.8721834977752436
0.8702796795003571
0.9046700584807349
0.878376401838209
0.8617953084792488
0.8732436356139164
0.8802255965430673
0.9139939667508065
0.9122678940487463
0.8869388845852118
0.8757100294831437
0.8653378691294156
0.8740823789330765
0.9018021381163832
0.8622320215090283
0.8370725085065647
0.9194987477032083
0.9236874578621647
0.9037318724747129
0.8871185414146826
0.8882845107228443
0.882889558242613
0.8612434736820964
0.8301699871973401
0.9030942302968512
0.9113355651992606
0.9066713449051305
0.8743463448958799
0.8935509282350156
0.9089141960036476
0.8811224840120613
0.8738970839093072
0.9043813154771279
0.8495218901981504
0.887343893643165
0.8854652628579103
0.8789929492777896
0.9031088065097276
0.9154317397369226
0.8950739257414847
0.9073189741053674
0.8654581587901147
0.8663228168862508
0.9155848567399841
0.9133923679761772
0.9275951025058273
0.9054450661603182
0.85178831377482
0.8499710275248538
0.9063759413218551
0.8982151933847117
0.8999897644783352
0.8736005707266029
0.8915893811099617
0.9069694222719795
0.8851235679311881
0.8942589469140005
0.8860158113780312
0.9035329113500363
0.9085761228338756
0.8884160631105427
0.8977228347366119
0.887071634938998
0.890230626422035
0.9001297020261354
0.9088179668273868
0.8630569921125945
0.8775337294226808
0.919863535529349
0.8616528413649149
0.9198235349521442
0.8938803242199617
0.8933454239612333
0.9334073156444127
0.9124031538181615
0.9052864904696657
0.909840350735603
0.8954159996955797
0.8986582614680403
0.8757416669459038
0.9065381420058601
0.8785291042538773
0.8783616496730786
0.9185687584866435
0.9082956547227848
0.8800303780761887
0.8940952726601423
0.9056911124137995
0.8624899545987311
0.8907168440132047
0.880364875709218
0.8737365186077624
0.8995362819743387
0.8652890136758973
0.8918485849677037
0.8792253790917423
0.8629755955458963
0.8764490940211693
0.9012738345066842
0.8633931943765318
0.8775377029328233
0.8870890350932841
0.9153153909676215
0.9118657717835651
0.8769932373832725
0.8679748822060709
0.8755922725857989
0.9277454033958914
0.8901456847048133
0.9337886159603312
0.9085805255157441
0.9213803845475838
0.896933584715193
0.8753856370610966
0.916958775796917
0.9107230524922704
0.8933825527459289
0.8786575373336076
0.8975446373739695
0.9051152534791045
0.9180413779885737
0.9337541602680932
0.8953287516468953
0.9257511289846285
0.9148688998429787
0.9237134453127712
0.855589347661972
0.9405642379594739
0.8824578804374855
0.8810921566050698
0.9039166881410026
0.8890799180911451
0.8401545760554147
0.9016096237096656
0.8799231265256446
0.8624955566759425
0.9159888244499645
0.8673800792016639
0.8903650728637509
0.8951835375808764
0.8659910732707079
0.9295621925414576
0.8840121120761824
0.9064049754938823
0.9114713954253644
0.888713751224698
0.9224574356776948
0.9054399123900169
0.9168665457088345
0.9078068308975169
0.8691071251456675
0.8972630191859918
0.885568196519784
0.8936189773553316
0.9169495215590189
0.9106513930851966
0.884083698261058
0.8930545909270396
0.8958511225563033
0.9044825157712246
0.9414878645923442
0.8939637645049177
0.8586640786343676
0.9267820957599326
0.9069511043412094
0.9423356506168812
0.8802475520576001
0.891174777382347
0.9262220493450067
0.9133926140651049
0.8747183419402305
0.9032751764605733
0.8976995112882318
0.904609535840539
0.9117081234499927
0.8776222651779152
0.9082083137607428
0.9320069150724738
0.9149169390797708
0.8845017567063417
0.8909665506046094
0.8913497548493895
0.9072855844057891
0.8936529159758837
0.9078937252506893
0.8659976002735247
0.8481222887106998
0.9196408321931955
0.9082149135274988
0.9038355415570714
0.897009262210914
0.8580134454434909
0.9248210707514304
0.8978315049160889
0.914129435985671
0.8592273607565201
0.8816224171698854
0.874150038815469
0.8796508917192648
0.87838933184987
0.8173105901465567
0.8810080541946819
0.8840597721820569
0.8929624310167202
0.8583137040289088
0.9206949867719698
0.9202539469687036
0.9338151018518911
0.9055178601504726
0.9190917735316851
0.9241265260597956
0.9206897205053304
0.9087837839859834
0.9165943010333857
0.9170172577229188
0.9123779163144915
0.8942640385406255
0.9247753594042715
0.94046703636591
0.8932466053593233
0.9200717933589295
0.9282780476593014
0.910650433677664
0.917874147622897
0.8867127921340001
0.8668762436705066
0.9249781302946163
0.9027360693492656
0.9117675340609391
0.9341648455893565
0.8916233889679038
0.8923477970196924
0.9224076915711554
0.9274475072718611
0.8976540510061326
0.8975069693167675
0.8574777523925853
0.9093724585788715
