0.5752308542287526
0.5941260735100553
0.6311166752983371
0.5042511460542071
0.7071137132288194
0.6853820378287415
0.6922968021878247
0.7079046594232346
0.7331804256138617
0.7713412714831571
0.6686515719201399
0.746261726562711
0.7471092899737092
0.7500024855175029
0.7335133520358821
0.7460149700146389
0.7976592254845213
0.7314751038949465
0.7179132758127214
0.6763514099702908
0.6710879806319406
0.7734356004312375
0.7121906633624793
0.6498287052075193
0.7321747467334913
0.7487559724577075
0.7083292731946857
0.7893443618891075
0.7349610226478983
0.6644446158411499
0.7465982918998031
0.738943602366742
0.6933538000459074
0.7207750330610333
0.7522521902406067
0.7737200660135776
0.7660376811030536
0.7681555757564025
0.7612946592635438
0.7039094622263206
0.7580240295763491
0.7790084875972763
0.6917126376956906
0.6815849209787672
0.7268267788461182
0.7187560950975925
0.8393483172663501
0.7454809701159457
0.790436782841937
0.747529911771047
0.6975071416097802
0.7310980066969539
0.7644720454356377
0.7204789908282141
0.6760364299359887
0.6936984090382649
0.7542257040769144
0.7270563418696488
0.7899002466834515
0.7361865162801148
0.6929020536723983
0.7788281518361486
0.7383935444300225
0.7051555100161405
0.7229838556181175
0.7439148638523534
0.6769854631337819
0.7520067340694764
0.7194314065935508
0.7260307673365048
0.8180530498600354
0.7197968933019984
0.7191011030731558
0.798305024898791
0.8215907638359992
0.7359525831892652
0.7875113733569873
0.8187318837869956
0.7989122228924284
0.8109173488592377
0.854394001375155
0.8275067072730499
0.8261354437337406
0.823391823716829
0.8329011541641073
0.7833732729600614
0.7940793835979674
0.8310785886134188
0.8232780837666906
0.8356850622678008
0.8565153148505239
0.8385576507817619
0.8234620858860996
0.8311444499398484
0.8616259697186965
0.8377445526256622
0.7998638840198831
0.8294620886805063
0.8465390148598184
0.853315582955766
0.8691842053608461
0.8053839312711609
0.7790880824056533
0.8014362463819898
0.7916473490543918
0.8678429049765677
0.8003555153329709
0.879806345482109
0.8498579980245241
0.8134528579118777
0.822061596152618
0.8694161952187203
0.8514852554514368
0.8276002711598422
0.8900522718416409
0.888923196802957
0.8597691464841759
0.886362441248437
0.8692569140427382
0.8554982025777592
0.8774868445247442
0.8020289649502372
0.8267362113637977
0.791912706465698
0.8384393429204717
0.8574448278964049
0.8126636538592257
0.7830815929453665
0.8505755480660928
0.8099106669848501
0.7959893584354505
0.8374509397343237
0.8535539229059335
0.8711362663966105
0.8720529795032392
0.8538321544361945
0.8692846905488327
0.8615686138481292
0.8591433243802818
0.8311414996112226
0.8684051397975372
0.8764700162002507
0.7892265878097594
0.8364148745631098
0.8252016033764521
0.8617106429018063
0.8534994544456922
0.8688698282591687
0.8152759657994958
0.8608026321525053
0.8721743300033472
0.8006695313597145
0.8740885579410049
0.8717561303308514
0.870409741799968
0.8207637924839041
0.8301479155695108
0.8669220241253079
0.8042204792476338
0.8752114945252465
0.8655762439712772
0.8830697298748506
0.8622867682799453
0.8460884072510702
0.8287769543569281
0.7957658008249768
0.8326112149780709
0.8971684798890314
0.854957077543857
0.8267217967466559
0.8394017769912218
0.8186613793015434
0.8550296357307919
0.8813520861012393
0.8548750894092179
0.871807105784908
0.846439555386921
0.9034132079567614
0.8555497515454196
0.8667234457875701
0.8734446567270251
0.8665650320250726
0.8989044888392653
0.824070636260925
0.8895464403045958
0.8493623695909248
0.8840262555060535
0.8683291129181544
0.8719942532934614
0.9117526473786158
0.9007729826141206
0.8900980015374504
0.8343675021699571
0.8867971917934501
0.8751299851034661
0.8701559576893262
0.8803717936714527
0.8903456269263803
0.8940253571364231
0.8787266169524178
0.8546837320122455
0.8984570844963816
0.8814703211486504
0.8773206603454298
0.873544846226139
0.8985747745123313
0.8718066811076264
0.8733863551893204
0.8716915790656937
0.8938758679283432
0.8796887512393055
0.8757205057334639
0.8597769529040272
0.9033706484061191
0.8876412709861858
0.9041147553015891
0.9028667928495618
0.8808151554539421
0.841708411005115
0.8913518105424707
0.8754743393154379
0.8941931435651653
0.8432112528097717
0.8765715383300549
0.8847490251385917
0.8823246397993083
0.8667465377318777
0.8782837046000902
0.8886480087948161
0.9010527966264326
0.9068496354483735
0.8705709412967673
0.9183514749045262
0.8686033185311312
0.9145104736192549
0.8691483187703508
0.8586992666841823
0.8712770159144231
0.9138971062369536
0.885479121765739
0.8902889499652101
0.8493827090263844
0.8946257043468876
0.8574567154348159
0.9021156453065506
0.8774380272010361
0.8496611713449654
0.8666850555317902
0.9089112304584127
0.8869346498677604
0.8858753970918267
0.8914067864560895
0.8821838881597888
0.914342191048466
0.8961489451541984
0.8997328745983755
0.8797613316662651
0.9026487978259363
0.8895660331395201
0.9025204799200811
0.893431224378934
0.8947394932961794
0.8965216261359894
0.9064658470187392
0.9103335178578679
0.8955754789130174
0.9137584799563545
0.8862295303759528
0.8929538168786332
0.9009523508024421
0.8878106052244265
0.8639866457515517
0.8749194724324557
0.9021306206354651
0.9167199891799941
0.9037350748166635
0.8935586212611086
0.8583662301774112
0.8588175112518515
0.8878481779772075
0.9091955898609028
0.8985848220932787
0.895956418767996
0.894136272978028
0.8955091422718873
0.9020912987200495
0.8779565361228269
0.9092973447177972
0.8952250635689003
0.8692719171764152
0.9316402269883135
0.9130514994427127
0.906912564975926
0.9161899212956112
0.9156073389122245
0.899433953808793
0.9225347021566561
0.9207004403802627
0.8791132872895606
0.9101484571151894
