0.084285274
0.245720676
0.14122971
0.264427061
0.245450077
0.210737769
0.272530518
0.35499126
0.304757386
0.318611946
0.319230283
0.465883133
0.441767807
0.509380621
0.420964162
0.44013674
0.477165855
0.520509242
0.46734738
0.521175724
0.536222262
0.58850546
0.527356402
0.594129086
0.549649357
0.546854929
0.581673971
0.551817165
0.621355149
0.64094102
0.612897995
0.671376713
0.670200403
0.612578558
0.580785274
0.565256176
0.637629783
0.632795184
0.621655764
0.592915727
0.632706824
0.643293319
0.604364946
0.584725337
0.664129355
0.575465444
0.630203225
0.564823975
0.620228785
0.662174041
0.677251562
0.561717153
0.682460708
0.614047534
0.612546604
0.665698008
0.67699434
0.698751923
0.624214138
0.61542242
0.64538092
0.615252386
0.603620453
0.615087658
0.585754818
0.666927515
0.586259992
0.645453773
0.625223392
0.682201612
0.54387559
0.645254881
0.656036487
0.654120465
0.612541923
0.712776999
0.710257691
0.725885146
0.686179714
0.696399687
0.640574485
0.656142096
0.692905298
0.728996481
0.700057727
0.759638708
0.733714581
0.6946389
0.781395911
0.71038282
0.698824792
0.723709006
0.747240209
0.715638343
0.695073105
0.667675874
0.69688327
0.727481606
0.741902938
0.735298198
0.652513323
0.700094144
0.728516326
0.732671946
0.783253202
0.74370992
0.759673001
0.781121757
0.757458903
0.74273247
0.745444484
0.843208303
0.749869253
0.80734647
0.787507287
0.80978038
0.783083473
0.765439471
0.747636873
0.805140139
0.789074539
0.785231928
0.794308032
0.827180995
0.794343818
0.786292051
0.834136514
0.828988349
0.803906701
0.775481452
0.82405124
0.818914001
0.846862235
0.865287065
0.821555371
0.841387728
0.834872031
0.791417406
0.825703923
0.817401986
0.844316898
0.848922468
0.834701805
0.884199419
0.890110418
0.840307214
0.873847922
0.86156691
0.864518108
0.863367425
0.875944726
0.890894846
0.88751345
0.837307405
0.888536606
0.862368657
0.883706256
0.888733089
0.897409191
0.871182112
0.853642077
0.879596017
0.906373862
0.87124678
0.892063703
0.908926952
0.902111902
0.911116491
0.893642321
0.918489839
0.920301801
0.911235435
0.917996467
0.909539034
0.922939552
0.917141666
0.922506113
0.922367318
0.91304589
0.930042939
0.922764733
0.901997117
0.919299444
0.915892533
0.907177319
0.933774339
0.909570651
0.912704842
0.93320276
0.935992646
0.931738493
0.935185323
0.9104322
0.91278177
0.936913
0.913432666
0.926906843
0.919170704
0.94177527
0.920071192
0.944839143
0.930405315
0.92131689
0.928618826
0.925410515
0.948170723
0.935742364
0.941717155
0.945290525
0.94453686
0.941756823
0.941411862
0.937951363
0.939558985
0.92595443
0.960510469
0.925914635
0.948783505
0.93823968
0.934917961
0.954500729
0.946532867
0.954628176
0.941833147
0.944148911
0.944315819
0.932752303
0.958585276
0.953294218
0.956059916
0.953812205
0.946080184
0.941221733
0.951546211
0.939957984
0.936303008
0.948840431
0.928973961
0.930961994
0.952074369
0.935395439
0.96424265
0.948457188
0.959513844
0.957100294
0.951902721
0.957885959
0.942821821
0.95364171
0.957342448
0.965212457
0.942272525
0.956825111
0.954115296
0.962796985
0.959700741
0.954327798
0.965536587
0.953785896
0.959605574
0.936406823
0.963783899
0.95650233
0.95219919
0.954649386
0.956923359
0.957643701
0.960936901
0.954137621
0.96203399
0.963210131
0.958025643
0.953774402
0.953816305
0.956953494
0.952616188
0.959151762
0.954609922
0.955348512
0.965896247
0.969121276
0.965386533
0.956688805
0.961817669
0.960950081
0.966021596
0.947895641
0.952080184
0.95511693
0.968143954
0.965541505
0.971535302
0.951670224
0.964040535
0.972732873
0.959365181
0.976364301
0.96018212
0.97212574
0.968199134
0.951743561
0.953540612
0.966014057
0.968653285
0.963191223
0.951298252
0.959468301
0.955513737
0.970509705
0.9705104
0.962859708
0.971412822
0.976043534
0.961264054
0.964451884
0.966274392
0.959384731
0.968795269
0.968270016
0.959209814
0.960449958
0.961981095
0.969609345
0.962316849
0.967508679
0.964918075
0.971120925
0.963764498
0.972472696
0.963391993
0.957936569
0.966425467
0.96536977
0.964642831
0.967528896
0.969688233
0.977572266
0.964001649
0.977961608
0.965103282
0.964050093
0.981120331
0.95903301
0.969456691
0.973134921
0.973122973
0.968349037
0.972637439
0.974679485
0.967430239
0.944941806
0.967791069
0.962737485
0.972783042
0.97541453
0.96631842
0.966676115
0.973492049
0.963364408
0.971841649
0.98089875
0.974489467
0.960687357
0.959000247
0.970442602
0.973879588
0.966267025
0.973668323
0.967261347
0.976823748
0.972528567
0.970527055
0.968723189
0.968973578
0.975374984
0.970274667
0.98161616
0.964485206
0.984358318
0.968680073
0.97373567
0.96638698
0.971540571
0.978547159
0.970228765
0.967628057
0.963323821
0.977042848
0.976059979
0.971515165
0.97249943
0.968330516
0.96947758
0.969996902
0.97787754
0.968829403
0.977707007
0.969791962
0.980435613
0.977672162
