0.448704788
0.436732713
0.461339605
0.554442743
0.462705455
0.577659873
0.629118954
0.600211857
0.546114486
0.686374533
0.581857541
0.636284666
0.672736485
0.664265406
0.535773518
0.623461206
0.672317806
0.594659885
0.665543047
0.641958502
0.675808382
0.682020467
0.712293747
0.693568802
0.648411195
0.714986253
0.723212157
0.738504377
0.56704212
0.676916145
0.724089132
0.724287635
0.705988345
0.675074033
0.679702334
0.711537879
0.697395185
0.673562439
0.739610693
0.714085174
0.77597147
0.723791595
0.68486515
0.703759739
0.731053942
0.735244693
0.736207932
0.783993035
0.744281239
0.77018501
0.71680391
0.697494987
0.784070231
0.655552034
0.756233192
0.7682183
0.798469711
0.731956753
0.768868251
0.732654998
0.816593912
0.814724731
0.724790992
0.729533227
0.763589039
0.789554819
0.764671698
0.763575909
0.76759119
0.747312628
0.785199229
0.846566827
0.751429765
0.835564665
0.813505651
0.846242204
0.77107293
0.830419886
0.780594395
0.85624378
0.810841653
0.829338335
0.797026983
0.770944042
0.844721548
0.820982928
0.831136713
0.872568856
0.846878016
0.832705895
0.813713305
0.829036834
0.788251736
0.852026793
0.796869682
0.850348468
0.802827138
0.83230072
0.846972655
0.851928077
0.818291178
0.821549064
0.838413074
0.867708393
0.880913957
0.857346411
0.819804952
0.82435361
0.856495855
0.860957337
0.841586009
0.860341804
0.867601827
0.881755406
0.78324497
0.875836795
0.872588797
0.883572221
0.86335301
0.849735064
0.858627111
0.83364412
0.855470118
0.892941485
0.831147379
0.83387587
0.859035253
0.832634878
0.846223236
0.824953741
0.828964812
0.829074327
0.855963711
0.838059148
0.850420993
0.832499002
0.867393263
0.867853257
0.898156377
0.873102156
0.852706336
0.86810876
0.88185687
0.883082067
0.883518449
0.829898055
0.823904387
0.891046823
0.852900378
0.89179699
0.866881987
0.867060566
0.878627553
0.844553043
0.892056437
0.865238359
0.817045118
0.880645379
0.870251111
0.872391351
0.858813869
0.852059323
0.887495259
0.847563276
0.877275771
0.850067788
0.882352267
0.886948066
0.850852466
0.843177202
0.831570662
0.874654762
0.873812925
0.872887448
0.876566637
0.866039995
0.87891941
0.84441079
0.875843225
0.865092053
0.890035069
0.835376992
0.897461991
0.880930893
0.891127649
0.87619482
0.841014343
0.862187799
0.846774708
0.86153323
0.864621981
0.871517193
0.899688399
0.902059469
0.870631361
0.886648436
0.884943141
0.902048531
0.868925039
0.889911302
0.880224562
0.901349938
0.867109106
0.884819764
0.910989088
0.873788001
0.857689755
0.888111232
0.889155444
0.885616733
0.885165532
0.859182074
0.888161155
0.872551565
0.886889706
0.869639666
0.886471634
0.870127011
0.903701385
0.9174105
0.871123497
0.908848831
0.891691246
0.894823211
0.904255458
0.887305275
0.860917026
0.89923825
0.864145622
0.911666085
0.88791895
0.891804393
0.874496015
0.894314469
0.873269893
0.904961117
0.900162162
0.893510319
0.877155945
0.875361459
0.896616566
0.901424909
0.898195185
0.895131424
0.894228325
0.880559986
0.878689352
0.914062613
0.880630445
0.877564819
0.923762368
0.898266755
0.878617387
0.909912146
0.886434412
0.897192431
0.881541582
0.883457514
0.897602367
0.881701923
0.899245795
0.907121743
0.897288577
0.88706147
0.885422547
0.88330015
0.911762836
0.904990458
0.881826074
0.901800753
0.934443103
0.893661133
0.912870875
0.873710394
0.885177307
0.902262899
0.894481155
0.903795634
0.876083234
0.907382412
0.899423876
0.930869108
0.884939279
0.918497876
0.925828582
0.894500075
0.904770891
0.886282642
0.918592808
0.912945298
0.918067329
0.896350427
0.886356029
0.893769951
0.901046402
0.909677046
0.901135971
0.907591197
0.907373904
0.910159635
0.895780424
0.884845267
0.906201692
0.896374002
0.888549807
0.922635916
0.909475594
0.890473569
0.905400773
0.885350011
0.904897368
0.895610554
0.926524005
0.872609568
0.91942169
0.881603893
0.903299404
0.894952158
0.893765395
0.879041285
0.885473983
0.896819113
0.926420352
0.887048424
0.891607268
0.878602953
0.883874528
0.865458189
0.910832859
0.907190738
0.919004251
0.903553441
0.904279346
0.905910048
0.889672522
0.902273923
0.890693551
0.914729526
0.901046666
0.892012264
0.922133208
0.888379646
0.901761395
0.889148236
0.896084656
0.911387036
0.885509467
0.901989448
0.917838386
0.923435926
0.912258691
0.904304797
0.884041214
0.907051251
0.902099251
0.902276817
0.914424076
0.902565904
0.927503388
0.896595708
0.895892676
0.911662762
0.901344516
0.912058723
0.881207075
0.891881985
0.919456753
0.904184538
0.898608419
0.885637187
0.892964907
0.908750608
0.910925069
0.879193544
0.91106814
0.884046124
0.894082279
0.904383561
0.920640832
0.884787864
0.912777647
0.926177302
0.923736043
0.916135402
0.892948683
0.912536157
0.885614027
0.884591325
0.92567175
0.890575858
0.911173361
0.92918787
0.888372188
0.899741022
0.921316567
0.889083244
0.902090175
0.880194307
0.91937746
0.910259376
