0.443790752
0.259884445
0.422741892
0.507581462
0.473731597
0.414111387
0.479663761
0.480485334
0.561355933
0.511098245
0.526423437
0.550040614
0.572031798
0.622101764
0.550359822
0.609692982
0.594016469
0.599914802
0.541362776
0.57533939
0.570446912
0.61337116
0.500312345
0.554916864
0.546360186
0.55010761
0.570008859
0.629835444
0.542624482
0.588266358
0.526032455
0.603526268
0.54255176
0.572810155
0.637915783
0.558711617
0.606883722
0.528519544
0.608189202
0.59134348
0.594149028
0.623096096
0.569865143
0.589890013
0.616830182
0.591567022
0.550061589
0.63883549
0.557692478
0.596496701
0.618595535
0.517102548
0.581997329
0.567323813
0.605890679
0.618439024
0.703254852
0.717810708
0.690429641
0.618347438
0.670670729
0.597268652
0.711357086
0.635026193
0.62426589
0.652541155
0.661650307
0.734924833
0.612154493
0.632779352
0.559228832
0.652179869
0.644420011
0.638848976
0.652600922
0.63503633
0.701676896
0.649369969
0.667732451
0.677528061
0.71109253
0.630577293
0.656112372
0.627324451
0.657069185
0.755257411
0.653885817
0.69548444
0.689557009
0.667340989
0.660097847
0.719294024
0.767571276
0.662452115
0.713395658
0.726189057
0.758244511
0.689247914
0.737273996
0.813457521
0.682011385
0.747860845
0.744826619
0.797294328
0.751848807
0.784371137
0.740287469
0.797508517
0.809360875
0.74243954
0.809824588
0.842595097
0.769277695
0.818081355
0.7616126
0.877817257
0.732594309
0.825660602
0.833968191
0.824468102
0.818902588
0.796643821
0.827411419
0.801904939
0.860459996
0.850681737
0.823876245
0.859546623
0.837165439
0.872380707
0.889507884
0.867483102
0.8610318
0.87528743
0.80780498
0.896006868
0.871972675
0.864878865
0.842523974
0.900226673
0.848603523
0.883945784
0.831313092
0.84660592
0.899959929
0.876595644
0.882336484
0.871021785
0.860674904
0.865054161
0.873785862
0.875684574
0.865330786
0.888014382
0.857714297
0.891806978
0.815722327
0.902211558
0.896672903
0.899016107
0.884008364
0.916185354
0.929335399
0.822541378
0.895615057
0.900442494
0.895469335
0.934581264
0.873249217
0.841423428
0.893696874
0.901355451
0.898185759
0.89105901
0.910608804
0.877302374
0.899427997
0.852930325
0.896685865
0.900591974
0.928496882
0.909675868
0.888442278
0.896972419
0.939221937
0.888621902
0.928870319
0.926831427
0.936926926
0.892717897
0.914661499
0.919129193
0.903138258
0.951997027
0.886272383
0.94375089
0.891770489
0.897831093
0.937393157
0.932202953
0.94763524
0.935528304
0.935194636
0.89601335
0.950359649
0.930607924
0.912276578
0.924316044
0.944983956
0.951473144
0.89367834
0.912808038
0.926515234
0.92479397
0.923279064
0.904916596
0.905491103
0.941081646
0.924507401
0.907400763
0.897968891
0.927219497
0.928378318
0.933291153
0.927322766
0.940804494
0.960062738
0.913340682
0.918291125
0.917092297
0.915837067
0.925102767
0.933344097
0.89649633
0.970327999
0.942728716
0.946624933
0.951833099
0.931080514
0.965860852
0.931680528
0.948950863
0.932185953
0.9447517
0.967199509
0.956173937
0.914590261
0.969276585
0.934866779
0.958176558
0.933052677
0.946619876
0.965181102
0.928316217
0.950939149
0.944867584
0.954741281
0.94648389
0.968547421
0.94038311
0.930370012
0.955283843
0.957364773
0.972348918
0.977955133
0.966254169
0.964497635
0.962778594
0.936988739
0.942768039
0.975910054
0.964017636
0.953207834
0.960519854
0.964606456
0.949439958
0.967844167
0.965906498
0.975608268
0.985256447
0.964834255
0.949447526
0.96529937
0.961516294
0.975248113
0.973100932
0.954252425
0.982340351
0.952322836
0.970723741
0.959719079
0.964191054
0.972073638
0.959842391
0.961182576
0.962655957
0.977619317
0.980846589
0.976672373
0.977997388
0.973512389
0.97885768
0.971934482
0.9569201
0.972045238
0.981422602
0.971271837
0.973778892
0.972374823
0.979137325
0.965090358
0.969681521
0.963852986
0.965953676
0.975613281
0.979912077
0.976741774
0.985665803
0.976821643
0.988172557
0.981230727
0.983599837
0.968513105
0.974136423
0.979142619
0.983968003
0.97953178
0.985820173
0.985364985
0.976109577
0.981379987
0.984094939
0.98597002
0.981480101
0.982194721
0.988381099
0.982096111
0.9769169
0.982847839
0.980031091
0.991772062
0.982942522
0.984165384
0.987349358
0.989329731
0.979321893
0.978907405
0.982886337
0.988674492
0.989006561
0.981754162
0.986516971
0.981834698
0.984683523
0.986519283
0.983997549
0.988038358
0.986996618
0.983325847
0.98275281
0.985242158
0.988218066
0.988341563
0.983361386
0.988301024
0.986244149
0.98902566
0.982750903
0.987687142
0.982239353
0.988758058
0.988917983
0.986473118
0.980889736
0.985001776
0.982645006
0.982757334
0.986963054
0.988388106
0.984272626
0.988850397
0.986253122
0.985926176
0.981819924
0.991719372
0.989484062
0.98387138
0.985986705
0.984762039
0.983046107
0.991537156
0.990502045
0.982915882
0.986191094
0.992087092
0.985620516
0.987239434
0.988449715
0.99365316
0.98853803
