0.318414087
0.461634401
0.376824958
0.47684775
0.629401995
0.433429645
0.545778657
0.494181631
0.458173882
0.501427571
0.436641315
0.43372981
0.58485997
0.350283141
0.386022272
0.458354697
0.424732297
0.496055721
0.466587788
0.478320094
0.494137742
0.492411289
0.553721555
0.417863232
0.4105192
0.419153135
0.440690561
0.484235293
0.532350483
0.513925103
0.512070009
0.457690763
0.498863793
0.496635221
0.590363261
0.570440505
0.569639674
0.503525773
0.602640192
0.592593462
0.501717927
0.507983258
0.529496635
0.578991671
0.530011612
0.565859749
0.537809211
0.554155951
0.501531224
0.568385495
0.557035825
0.648828873
0.572368089
0.646704487
0.594323171
0.548401424
0.580097788
0.588003982
0.649822747
0.535757557
0.52527404
0.627921605
0.548842822
0.642791946
0.584700139
0.580473827
0.574739581
0.616350606
0.683815281
0.566959278
0.570036638
0.577556254
0.577789271
0.538724543
0.634271205
0.544639813
0.578541402
0.671107631
0.576894654
0.57112915
0.546029153
0.548803964
0.680185147
0.673015409
0.611982096
0.664940078
0.643111973
0.652478524
0.564922344
0.521793338
0.661751453
0.564623164
0.6111256
0.600215181
0.663984442
0.61061439
0.615988702
0.630840707
0.563060565
0.595170514
0.653645333
0.599755356
0.560053136
0.566794367
0.567126079
0.57402531
0.582187129
0.509664381
0.553785982
0.559495659
0.588106087
0.567611295
0.624083947
0.635258088
0.600968778
0.572059432
0.559380025
0.593672669
0.537337702
0.60517346
0.612579455
0.626683462
0.594248655
0.531319369
0.599984913
0.584171291
0.631531685
0.546508224
0.596425755
0.58155722
0.59032834
0.683791895
0.645599953
0.606293217
0.569760398
0.635322375
0.600256747
0.680342734
0.501442482
0.578361831
0.55836788
0.577343657
0.558346247
0.646804562
0.576685382
0.636272774
0.499587813
0.534328228
0.623960075
0.618553897
0.646007732
0.605981597
0.583043197
0.603834379
0.634003262
0.581442127
0.654334301
0.60611528
0.647386587
0.616322777
0.626557305
0.676856174
0.564129173
0.641054389
0.559585754
0.577267181
0.515215277
0.52582905
0.585172438
0.495491582
0.538939668
0.490968851
0.653681626
0.616045115
0.562238609
0.635170798
0.536406458
0.550317591
0.649932916
0.515619782
0.576378684
0.586447749
0.592616935
0.573677264
0.616200044
0.625332657
0.518611053
0.542837746
0.576823028
0.496498516
0.495354388
0.556163722
0.500681017
0.606992634
0.652192839
0.542900061
0.605764425
0.570953445
0.526710589
0.651028937
0.559868087
0.595762064
0.587454305
0.560159601
0.54071639
0.621163191
0.636851561
0.556068188
0.557326078
0.643998312
0.580783106
0.654023694
0.652259948
0.615382022
0.565515439
0.546359832
0.601001198
0.590860395
0.621289072
0.604222719
0.586239031
0.554207453
0.609404501
0.563650055
0.564351076
0.621474174
0.604183077
0.480929764
0.554600658
0.462837698
0.566173981
0.506314093
0.543671078
0.596642475
0.579310837
0.512602286
0.530704418
0.506018703
0.566791611
0.555826432
0.421399433
0.521786793
0.570390679
0.636669498
0.538591812
0.509753313
0.516241128
0.567396606
0.553895598
0.515310725
0.585155901
0.542706666
0.549218362
0.615582787
0.637865183
0.583099189
0.438364278
0.556766551
0.661785107
0.553756201
0.533829195
0.631957179
0.569388003
0.566972743
0.511594992
0.628528425
0.554402993
0.570210617
0.631947105
0.499178383
0.561170975
0.58114023
0.568929445
0.578234592
0.580547486
0.550097916
0.539636079
0.493884113
0.533640457
0.50607578
0.544574179
0.565488527
0.510153133
0.535055751
0.627823722
0.516392953
0.577094486
0.537209858
0.554244004
0.567372431
0.611858388
0.588343057
0.617516178
0.566973958
0.671423644
0.514400632
0.53963524
0.579593473
0.578043137
0.625440925
0.527000986
0.513792995
0.596500226
0.496945583
0.529151497
0.529185945
0.574666339
0.559305206
0.550777202
0.538132649
0.539198639
0.565529476
0.65130422
0.583180024
0.50346182
0.411608917
0.533561839
0.537323435
0.591510818
0.546378139
0.567227132
0.558470811
0.590169058
0.580432168
0.443886665
0.521402642
0.620666996
0.550627784
0.53520744
0.510643035
0.581870758
0.519065741
0.549791256
0.498588022
0.574755457
0.412881142
0.572263702
0.422893581
0.58525096
0.542653992
0.600500436
0.600013236
0.526021144
0.543414944
0.537229088
0.548386283
0.48460236
0.546241377
0.574688296
0.543225417
0.56042646
0.540828776
0.579557113
0.51788161
0.515722094
0.555654268
0.515362812
0.584998662
0.525370472
0.460460191
0.522377687
0.530530962
0.545899322
0.491442345
0.458472996
0.475233101
0.526812037
0.53373884
0.619263158
0.551678649
0.608095475
0.537481356
0.51300555
0.606864756
0.474118303
0.543352989
0.50949558
0.581171524
0.546951139
0.561910735
0.519358834
0.658052423
0.485323685
0.512966107
0.577981762
0.636910749
0.595026352
0.528680202
0.558862498
0.649680478
0.563513073
0.519517777
0.587169089
0.521713777
0.520440354
0.576165893
0.603452768
0.536501715
0.619451595
0.650648143
