0.42981646114519945
0.47113152309622786
0.5164524298809748
0.6288774791019212
0.5229788962940478
0.5227036951919063
0.5491970903832866
0.6288701804105027
0.6838290843663922
0.6990474913913542
0.6346136432897638
0.7649320375118784
0.7263925993887631
0.7176196147281855
0.6788448440353179
0.7572765598902084
0.7331620352453537
0.7398450598943922
0.7213815948719257
0.6330052692914868
0.7813312024051244
0.687923587705816
0.7470819142969074
0.6899974853713939
0.6376509965689443
0.6000178671166336
0.6975179597633755
0.7230322457019948
0.7293366532468087
0.6150622905474064
0.7023864865727955
0.7391368523070476
0.6712558966434361
0.7341085423476637
0.7371524969688086
0.7612945053690038
0.7278802187576886
0.6151386963105996
0.7536854554306074
0.8459935687241107
0.7106566735272246
0.7704699782174635
0.7767524446565631
0.8092783218388735
0.7854362393790564
0.6440084660643431
0.7486513689235959
0.7835730415616977
0.7324612268962916
0.7699972046569405
0.8030868380660214
0.7923512297339376
0.7291464022405552
0.7823025116780514
0.8389699146139552
0.7745289716833793
0.7487743837276852
0.8247306318419196
0.7527946035951655
0.8266534554495155
0.8059795504815283
0.8145971900959769
0.7278057815993134
0.8386112186172736
0.7099073902074629
0.8121175229251805
0.8401819439504855
0.8083091302132429
0.8257308010366252
0.867074385522159
0.8256504744506084
0.9139998667004645
0.7939289506114956
0.8202517740878996
0.8774851932747362
0.8992842470546976
0.7974684064982858
0.7801399271128777
0.8273389709631443
0.8406076672324276
0.8742101453705142
0.8488565924916927
0.8491744335672771
0.8302861985672434
0.7805643990556751
0.818018085015105
0.8406604883741033
0.8647322158414141
0.8681786614070045
0.8236889792581747
0.8868013992358762
0.8653950422300107
0.9066272011809149
0.8942151365778146
0.8564424312730748
0.8828171887325968
0.8254462994908887
0.891067111619502
0.9079591771100338
0.8947139047429692
0.9269041574354719
0.810101535544647
0.8979863612644625
0.8826821225049596
0.8271723612112585
0.8875610175417952
0.915494011367454
0.8347099563391224
0.8379479804712157
0.8895775336222561
0.8798778925739258
0.9294662637975172
0.8634496222865795
0.8779061803654811
0.8587218219352544
0.8695405187420271
0.8585739406081376
0.826704170471119
0.9091802243788628
0.8838992700053447
0.8491919809339474
0.8918564971237813
0.8481575959325676
0.8808217146907513
0.8826478178665962
0.8666912238297442
0.8746096199432181
0.8678830371971049
0.9363909376574355
0.9595121692777401
0.8903586376391022
0.8649878384109588
0.901723037647332
0.846531493863268
0.8832277358849842
0.8712478605131035
0.881138382128289
0.9345155205181197
0.9236920021511631
0.882377338186709
0.9078113293487136
0.9196334922443722
0.9171099181716518
0.8405976448442335
0.8932836772993606
0.9501323793422101
0.8897867679291857
0.8278611601566086
0.9557574586739633
0.9283372790087496
0.8894533160531448
0.9085702083750433
0.8342799438545028
0.8363586872809889
0.8112984456066732
0.9220543176313665
0.868880260226439
0.8917025357164722
0.9026427730577378
0.9010818843397079
0.9506053654398782
0.8505460999545316
0.8704724576360559
0.939077607067399
0.8813200968263187
0.922576118090664
0.881107478596644
0.8981952014809034
0.9052714133517161
0.8603245576141492
0.9012869940793798
0.8830690397121614
0.8784371268441754
0.9208311804879269
0.8750744170644851
0.9380133877208146
0.9032213676947919
0.8999267665376516
0.8657672268366268
0.8961952236357213
0.9484779047898042
0.8617582833913972
0.8692934789942417
0.8958402991178032
0.8698405983565978
0.8323678850296694
0.9271440893303105
0.8695706278502827
0.8946201564473506
0.8136518701112985
0.8300494999204355
0.8952690032135481
0.905261040709785
0.9509401961564794
0.9328485768233199
0.8971832409559275
0.9586168750977627
0.9560988270278992
0.9195732980166926
0.8722466752293316
0.8998234264187616
0.897332453104576
0.8796220651721836
0.8880635312285943
0.9458314185871709
0.9130668935354718
0.9390861932322874
0.9107128090495381
0.9061591178399222
0.9408707765686317
0.9347735187260289
0.9456347213699783
0.8843069400063175
0.8905871663264305
0.9580891997977072
0.874000814987571
0.898000418583458
0.9161547287109337
0.8981819710455488
0.9490284000590735
0.933584906235289
0.9117505190528254
0.9415181616493463
0.9595641591177587
0.9403498370398674
0.9407100988171267
0.8875438479224439
0.9307270809922181
0.916508185381679
0.9337756912987096
0.9534223707044205
0.9466908941781311
0.9342903953708092
0.9354528506940731
0.9334639795372629
0.9506187748015333
0.9528592448318127
0.9364332791935425
0.9100780150376275
0.8783643378188003
0.9206823369456882
0.8963229015108899
0.9183475859079848
0.953984491583611
0.9030650316529932
0.9086317846973315
0.9560662364016356
0.9705084337808941
0.9307520219288975
0.9628771649756466
0.8997431870421829
0.9649955279237172
0.9261969999202571
0.9527575257182308
0.9375020576248951
0.955345372527385
0.9073627355030144
0.9061470375763052
0.9423585014802681
0.9044542682789551
0.958716218960223
0.9071544289433972
0.9470972235868123
0.9598917196775492
0.9166198996211461
0.9535643814974601
0.9557088893923741
0.9150019152684118
0.9138474808136008
0.9350753766702835
0.9127970543055957
0.9456834241873586
0.9365003906915599
0.9297543040761527
0.9562852834934082
0.965840080318886
0.9262767898707243
0.9639560406194747
0.9312515480564467
0.962189662012009
0.9750211496355728
0.9662078544121198
0.9467431726568675
0.9597398266608834
0.96230323340009
0.9385083578364686
0.9561556534709063
0.9180963482554778
0.9672015968030886
0.9126244991645276
0.934858925955122
0.9434792194563766
0.9337889505435243
0.9241256724473649
0.9565843116573397
0.9398139820000854
0.9283772532125105
0.9589616903103362
0.9768515267754564
0.9468101668730512
