0.5152912859939973
0.614177846307468
0.47260579464788666
0.5275827579534211
0.6138558991838492
0.580435853207681
0.6592339449887836
0.6606888578428469
0.6562363891727417
0.6429275402182374
0.6758988691006886
0.5796126449251379
0.6570561164513629
0.5677912002811116
0.6532453564073307
0.6440646922234379
0.6129965146186566
0.6259137767874776
0.654641136043739
0.671792408203197
0.6439629678603477
0.710336487658993
0.6249685504832512
0.7272113649281684
0.6672266789386326
0.6801706286510419
0.7298791677791664
0.6827445603658857
0.7336931360176289
0.7655054771520765
0.7067904020910291
0.7512428699603588
0.7548156500914365
0.717913194808326
0.7377514412920562
0.74412545489139
0.7405987233262632
0.7660920377001781
0.764035293338772
0.8086544717350417
0.7412407650144999
0.7716874239951842
0.7830130116647169
0.8209543155180329
0.8116871699773182
0.8181840015586991
0.7793258360424546
0.8346641839211163
0.8440309855135009
0.8683402895595116
0.8768612884366334
0.8473847654921407
0.8674570207829209
0.7858130195770181
0.8582522167209368
0.8525313655300557
0.862962922523389
0.8967831795281874
0.8571731879439962
0.9106639889500368
0.8748572182960899
0.8816014214200013
0.8802225415515104
0.8785346273269814
0.8786083004635362
0.903411874562076
0.9118716652546229
0.9056243104831065
0.9071770709845053
0.9213858813055215
0.9270323782075801
0.8892032577978697
0.9047036109833417
0.9214387724523337
0.9202373231583367
0.9169230203678234
0.943996208633558
0.9159145544976962
0.9198819836516658
0.9323827553422752
0.9371651570682079
0.9204704280128782
0.9282028207439978
0.9388425672928765
0.9471133341158563
0.9391985359874117
0.9422964374340899
0.9264851032473722
0.9168038509799258
0.9402225492816132
0.9350289399014733
0.9384951947019216
0.9495981298564622
0.9383524695968631
0.934439600945723
0.9320435850506541
0.9301961947945797
0.9610497015475271
0.9391740856090381
0.9439706937722285
0.9573554108773739
0.9618422186948582
0.9390288493577369
0.9593144781793784
0.9704825482657355
0.960672807938497
0.963569505249519
0.9550742523459052
0.9645524046483163
0.9502349706260494
0.964674905004855
0.9548120843597694
0.9591092429093309
0.9695801329898014
0.9529706757766385
0.9651512227935557
0.9678554266707895
0.9670430190490468
0.9594503515251993
0.9593230367936469
0.9741949554831015
0.9643106184602546
0.9764084814414025
0.9723845068380182
0.9686406997607341
0.9669160903592378
0.9734100558542499
0.9776560257913912
0.9673108394832758
0.9725252643205202
0.968125360570934
0.9718615193724786
0.9747702429013628
0.9768889305381198
0.9766136734573683
0.9777009994359849
0.9777076764025278
0.9738809816564808
0.9692637523461027
0.9834716792390121
0.9717933496858835
0.9643219769369459
0.9803336627146042
0.9796822944433512
0.9772301596513188
0.9824868052848702
0.9852051449864729
0.9780365697513622
0.9737191023804298
0.9688127046212177
0.9850015406670225
0.9828249486385825
0.9814641392886317
0.9811493822968915
0.974923362767807
0.9755523259321549
0.9753050191124449
0.9841085898514738
0.9820008595416724
0.9787343196475338
0.9759507405834157
0.9836486233366601
0.9814995032652979
0.9893998383643806
0.9755459905384487
0.9762810406640362
0.9735874506414213
0.9915780969194483
0.9820494187310442
0.9903231655709723
0.9868269514446855
0.9901590147705714
0.9822926668222012
0.9794309406921844
0.98385842289498
0.9815417128858497
0.9744417433465072
0.9854813953192517
0.9861766809543548
0.9834193025803378
0.9823800262033906
0.9824911777591593
0.9882558315256438
0.9878228046395613
0.9881752939035519
0.9800024307911975
0.9826360199498432
0.989719308194657
0.9855365468750298
0.9871161978383984
0.9837864610854371
0.9803264093496276
0.9848273300958578
0.9847979129084621
0.9886036250629313
0.9809501745564495
0.9854134341145884
0.9758615011227791
0.9874791036968527
0.9766491291966348
0.985717281430434
0.9854891149025432
0.991071448725099
0.9890241531176045
0.9797623372110376
0.985064866156292
0.9863251952949765
0.9893013697777304
0.985452749197765
0.9920804973827657
0.9804231233162956
0.9889228407641694
0.9800371498895046
0.9882189184544922
0.9786275524911009
0.9859691929227996
0.9894685094897211
0.9879217168698451
0.990406650365431
0.9832799899705416
0.9838645520137774
0.9873378688225396
0.9841392910005597
0.9906055838466813
0.9835115436297464
0.9859174405480697
0.9862335983715921
0.9908917676553568
0.9867267593928485
0.9870774374856834
0.9928481822371177
0.984801227919049
0.9838658467385308
0.9886015728408901
0.9877562312971419
0.9885878278981488
0.9832026500772673
0.9824662872187047
0.9810618414320057
0.9913490725635729
0.9888543839078308
0.9884908485340445
0.9868320790869877
0.9899866715175426
0.99198090925831
0.9949371257483934
0.9886630999332511
0.9909135445135112
0.991631283598795
0.9891744844273109
0.9885839687112169
0.9929603962872413
0.9908396207758873
0.9895397006345317
0.9903283438563111
0.9919460052945517
0.9928818492222412
0.9908073355896029
0.989536114015524
0.986423598334896
0.9905310303281363
0.9894419751165945
0.98966979322669
0.9888037137492324
0.9879849132623935
0.9932456404798623
0.9916435811420813
0.9928339414661635
0.9892671583708085
0.9945661320548931
0.9863180077147401
0.990939807567121
0.9871572235609533
0.9895708857452471
0.9939668461208189
0.992858173636417
0.9924988421803175
0.9923573350100685
0.9912850276870968
0.9879253912542936
0.9902972591091901
0.9889512014136473
0.989435358093731
0.993236213697562
0.9881495679927147
0.9906227965794008
0.9920681946896106
0.989752631690261
0.9870700762750625
0.9924872853357728
0.989546265629013
0.990961638967715
0.9919036971432622
0.9934070952717745
0.9927531238139476
0.9884286799643236
0.9913659485131759
0.9885584284215009
0.9942037156021165
0.989408473996186
