0.23119326630592818
0.4108360837898767
0.3227973313479118
0.42348049090200296
0.4721325185570315
0.4206321721273606
0.47196373168796135
0.5208089260455457
0.5745386444996539
0.5357666867990529
0.5403214713796671
0.5498348781659914
0.47440765092151355
0.5805963680550784
0.692580052482924
0.6989435594626702
0.6281258624729941
0.6899707465881321
0.7341853799216637
0.6996252693155776
0.7111179304064104
0.6739971842117297
0.7264654618630498
0.7327069972666942
0.6903876977533574
0.7306216786611389
0.6982704528419205
0.7413929272192117
0.768424518579144
0.7641462218776464
0.712024417696828
0.7016025311599747
0.757820859611789
0.7626089407361399
0.8078977196495709
0.760564332932692
0.8108918496329063
0.7861858374533146
0.8051355233014117
0.7860133248440386
0.8381956808896543
0.7924108841455412
0.8403667263570839
0.8280744927138878
0.7660909071491451
0.7758552973431211
0.8390206870586736
0.8254860832146896
0.8104926212997896
0.8253181859248825
0.8099053662761891
0.7982794159767235
0.8546807793775703
0.8264445673304733
0.7714288875733268
0.8417895828305152
0.7852418550278432
0.8085508757988343
0.8654979336907409
0.8546913083060584
0.8404888405535532
0.8525136324457755
0.8656211349934194
0.8702349089817621
0.846340025816744
0.8655339408972289
0.8537086252059429
0.8849009615970906
0.877054397344056
0.8549863701337881
0.8696080716951963
0.8904897839379501
0.8514021414132757
0.8790417645248872
0.876970380047044
0.8657684982029922
0.8705537780071179
0.9051160245504981
0.9084824768345972
0.858074973812864
0.8990566361655636
0.8837193459581181
0.8772447502517204
0.8992793535879823
0.9004083260816576
0.8712881990009806
0.898122059073789
0.9125196739590955
0.9306911792166381
0.9222852297447472
0.8991112926279696
0.8994164954583166
0.9157784227290326
0.8776909896143191
0.9013169374580967
0.9197116941977234
0.938446926749031
0.9210458124958925
0.905881992544594
0.9208883895468812
0.9367446451593346
0.9239101799371816
0.9301818273539725
0.9251928080029744
0.9225635413373453
0.9155273703388259
0.9141383122564506
0.9483704361728537
0.9165227449691958
0.9012656837052351
0.9303788619062902
0.9294798678863098
0.9384519568504981
0.9235356458817847
0.9233494287863524
0.9313028663381099
0.9093341283794836
0.9461167919470178
0.9330637761666611
0.9700160817297452
0.9235078590751439
0.8948066152608473
0.9288512336743079
0.9316905666669865
0.9514610138773731
0.9284495170669388
0.9419165726378111
0.9248999191233429
0.956770279294156
0.9675154672657895
0.9232162791673881
0.9013063426249502
0.9553254718395466
0.9197401883534064
0.930051932371111
0.9504951227862894
0.9506291576154668
0.980902416826018
0.9085237276594738
0.922901970553046
0.9512147529080096
0.9242909942995722
0.9418781840402295
0.9492862923901304
0.9755560792456034
0.9747737838621721
0.9015562082039954
0.9058291082492896
0.9320457635164132
0.9507926467441841
0.9686320169009994
0.9407847125462977
0.9626073085655623
0.9534816603378516
0.9643814234998913
0.9741226842215532
0.9492541172028535
0.9395629551111633
0.966186472559645
0.9574234091482774
0.9682818302113747
0.9462098875852603
0.9655988177471613
0.9056320885325407
0.8772358595443132
0.9720976813506688
0.9710420421299473
0.9643933441197999
0.959220546788511
0.9434896561141605
0.9603127024047021
0.9494903183500384
0.9687958057919415
0.9616890056891968
0.9606920647729018
0.9377773240445173
0.9710485330491458
0.9513214724177532
0.9301091323053529
0.933559033957953
0.951280945345202
0.9839757852835959
0.9538547988917424
0.9606141386553457
0.9538660733378647
0.9737317104486847
0.9534478974601978
0.9409006026369975
0.9582877049584573
0.9658069119208876
0.9825651921113275
0.9727601599504009
0.9452272072919617
0.950979258361391
0.9789235778573813
0.970360326206311
0.9761301553981457
0.9242378269956563
0.9490830121757892
0.9590716076718022
0.9734647929062767
0.9790320695028318
0.9612935362275987
0.953981270868586
0.9526194925295322
0.9485116711590651
0.9714885983768813
0.9391212954205942
0.9743498105327374
0.9811927437777115
0.9824808254066031
0.93539955869299
0.9455653130567017
0.954410335125852
0.8704335750549129
0.9448263592015488
0.9798304339742507
0.9337012154755998
0.8895857371504704
0.961513163855938
0.9367824897939151
0.9811151221282406
0.9487179816466209
0.9652808465254855
0.9483730785507112
0.9217371234965557
0.9597867730782748
0.9318636339488375
0.9759799916539578
0.9678272539015488
0.9719217397409142
0.9571459827769232
0.9703816003382896
0.958911040012073
0.8778491044853869
0.9556759477281724
0.9624707635226631
0.9621776466614825
0.9573818485491085
0.9049494240753091
0.937901252780939
0.9485748266752886
0.9471811467910343
0.9601882597272862
0.9497339275188692
0.9800453135440204
0.9765980541619499
0.9593380105192562
0.9799029190672579
0.9755629893961866
0.9882171458271275
0.9163750404946993
0.9493998749473009
0.8678813987227805
0.969667990695178
0.9643341882528352
0.9613728750859127
0.9261373767916634
0.9738742858964177
0.9226248365174392
0.9739931389591291
0.8913505692091807
0.9800183512464573
0.9760229356724123
0.9678371848426564
0.9255478521324599
0.9291282029163751
0.8634639663999433
0.9611605550015149
0.9525955636621026
0.9332736592514415
0.8949383522795682
0.9721744258266721
0.9632313588856285
0.9570123211228285
0.9623928828503514
0.9839163920237649
0.9742218183753444
0.9346731736874233
0.9489454290144381
0.9365490780172262
0.9758576197211148
0.9418765868488832
0.9116419269456509
0.9386442852553302
0.962515591972427
0.903136868096072
0.8888477223985569
0.9872601301545391
0.9809138414827198
0.9013302792471473
0.9803423936416475
0.9515020919071413
0.9665951894330387
0.9617149479563698
0.8908322242839878
0.875707945528872
0.9504622589017334
0.9649495355736922
0.9244751984935513
