0.6034391570977771
0.620838011219882
0.6683422349050951
0.6450909328980949
0.7280561397299754
0.6982538201401919
0.7219379703857036
0.725953005173219
0.7647561073442319
0.7839080642779452
0.7825650214846807
0.7005343989520348
0.7555017589621325
0.8127579869499062
0.7231128971250592
0.7986777347308927
0.7009092823039345
0.8148278792362487
0.8067489722687531
0.8048598934537969
0.7873463743653495
0.8242485479529696
0.820519121751758
0.867971819000072
0.8382608118580291
0.8429609656851941
0.8403438398725672
0.8770084234908833
0.8566123955693963
0.8465500148264489
0.839750188877904
0.8561471748320425
0.8086660207624539
0.8280418619147877
0.863696292394331
0.8583540448588973
0.8301062135944571
0.8731249834760906
0.8219204597176477
0.8829511324304562
0.8513368189279362
0.8631427849041531
0.8531315510737187
0.8916074781344637
0.8615724566336725
0.8714462500652
0.862322625916061
0.8317567221943383
0.8887861010636154
0.8303365831431815
0.8736188241166387
0.8590732966585316
0.8488853941642496
0.8043236028279963
0.8809814424183557
0.8735135523577705
0.7906784259609434
0.8777136938970402
0.8962092616342353
0.855697260341236
0.8754247066777536
0.86622534882586
0.9000215285955864
0.8137607053621914
0.8747530088995059
0.8348591028901378
0.8848750089723584
0.8599632544190691
0.8558820093077874
0.8961114342375263
0.8420312597596835
0.8882692901653109
0.866766989123019
0.8869695297493376
0.8464782341513463
0.8688677650333618
0.8644550902614743
0.8830302800495226
0.8877593433003529
0.8637306097192768
0.8278804240145377
0.899075500759005
0.9102748033466435
0.8584149227488151
0.880598409937719
0.8510993603395276
0.8589364195086324
0.8603591947558374
0.8877741787804203
0.9160318388339045
0.8375900741236804
0.9248742662493932
0.8639922485635161
0.846304763946687
0.834677710403105
0.8780411913269349
0.8657108044813748
0.8846520191819337
0.8775693114459893
0.8766742184052326
0.8772362264095017
0.8726765012604887
0.7751884000181432
0.8831244143035969
0.8765772549287674
0.8962417958982769
0.834602138031005
0.8894895788887499
0.8235808406447577
0.851948531750736
0.9113848950990467
0.899358875843683
0.9167317237021546
0.8933583578744262
0.9200457426093636
0.9128093164607648
0.9080509988910755
0.9132278601946323
0.9206841977229587
0.9133791797914304
0.9116835567822635
0.9157732553133451
0.9197369504789377
0.9058620063000271
0.9242629995285714
0.9222873576545801
0.9184580728791852
0.9405522882519438
0.9105607130276407
0.9029989105277304
0.9204251980889397
0.933005694651462
0.9096619233926528
0.910474701475486
0.9024146694060418
0.9042160814417681
0.9042392752278937
0.9084939835132291
0.9243846864316694
0.902143746149059
0.9157012617691205
0.9311236566512981
0.8707399902265829
0.9149056800907838
0.9228498612430382
0.9263971994788477
0.9282094058675356
0.9064794011952975
0.9224512196311059
0.9143639227578191
0.9271584571472961
0.915978154707488
0.9214078535419009
0.9019543651837006
0.9113548950722862
0.9343676434604922
0.9229158199187489
0.9141877377730822
0.9156871576128758
0.9139589156487355
0.9233300800787314
0.9203474256943446
0.9197229405820593
0.9239056169631834
0.9190219688686156
0.9226000472338727
0.9081610457153015
0.9214201602410206
0.9308654911023405
0.9184422733973212
0.9279009298379526
0.9312207732118145
0.9147273369442146
0.9100705936072124
0.947698998142587
0.9259778441124439
0.9178438400956965
0.9302303667339945
0.906079951603501
0.9167759260061983
0.9344381647022753
0.9352453848987151
0.9278747655595387
0.9226901047032638
0.9038811036420646
0.9194783332106352
0.9209198379833896
0.9170278626655088
0.9162232584493649
0.9172066220202255
0.9291223845533603
0.9538393399013797
0.9147593686462037
0.9267369493387502
0.8794150767038543
0.9304485634329428
0.8846371417384875
0.904025809294535
0.9109121835759233
0.9224277503201653
0.9133448221993328
0.9215618305503199
0.9198362696797628
0.9311221738726931
0.9037029504370555
0.9147967856573633
0.932395621380118
0.9318326472027569
0.9248205530731335
0.9335075626758907
0.8716705285384903
0.8626988984962705
0.9023982470375733
0.9017952364791247
0.8973159160809259
0.9222458478616253
0.8990432087800654
0.9044413368405986
0.9400428684806444
0.9210834078307324
0.9235949043620932
0.9266685175218481
0.9162850415814529
0.939792523152752
0.9366657391512601
0.9047491658927072
0.9243312170851304
0.9224374683435949
0.9281882538740099
0.9395324617564919
0.9257286224544916
0.9367090477120594
0.9496072149605752
0.9043942945055917
0.9159632542197164
0.9296480309790904
0.9081722965121859
0.9232650320855648
0.9233317880081835
0.9313607340264994
0.9272546895576854
0.9237312967944213
0.926775635410387
0.9395927663988539
0.9318534242857028
0.9225711101545044
0.9176907754140935
0.9291450334704686
0.9069422868616501
0.9308675370246892
0.9185694487254562
0.9403497403070615
0.9388026279201638
0.9273655901925382
0.9228380134484496
0.931393326605329
0.9460419000148261
0.9231964881776069
0.9304862427073411
0.9338942745015594
0.9227017352240875
0.9213400990263978
0.9258184734155052
0.9376090571137707
0.950251856260806
0.9231367311110139
0.9218648594069017
0.9385433527207419
0.9258487501994296
0.8989690338276741
0.9507649943173145
0.9350293171006147
0.9243138153795494
0.9364488769233024
0.9429444451020987
0.9300939463073657
0.9317491840586763
0.9246029476807003
0.927081332596986
0.9183071989967031
0.9318049046018906
0.9423200873702358
0.9203600918953748
0.9237243830516053
0.90658789476881
0.9442183284398273
0.9200953842036732
0.9478538202793552
0.937987615874059
0.9271990699572967
0.9375368281824843
0.9411055282672278
0.9139563168494304
0.9536613839225992
0.9402119499485664
0.93221914151134
0.9372280165299971
0.940795933969303
0.9246556405528763
0.9141260652621627
