0.47343889728101757
0.4510181415859442
0.45765829572302624
0.563657588523139
0.5187589973692671
0.5470698447476392
0.5587713746987075
0.6240866091821299
0.6279770176230295
0.6367349231759464
0.6910609140250494
0.6708960501035464
0.6925953484075352
0.7080275355062635
0.7085333665853464
0.7225777252354996
0.72712482121146
0.7382124566346364
0.7331979198273532
0.721992771158813
0.7550659575647107
0.7342153361174866
0.7125728686227477
0.7637483899764914
0.7584931462032498
0.732821354594804
0.7459555011282761
0.7749893106697157
0.7675153865623182
0.7679362680784261
0.7580727062203061
0.7472538496620453
0.7775803891841674
0.7666065191342433
0.7646465956511732
0.7483264657612966
0.7723037439697638
0.7942203170701705
0.8012050673712189
0.7528562301603193
0.8039750972185808
0.7759470918037328
0.7965779039190974
0.7942845959515759
0.77813863698642
0.8040767010215516
0.7900268246666761
0.77334867482844
0.7880803695684235
0.8012837112021511
0.7787531311077326
0.787716313596386
0.8097686605233372
0.7772141068103091
0.7810869086656163
0.7815629024178757
0.7899596867036264
0.7710398190177861
0.8137486764360947
0.7828657786112295
0.8163772561606899
0.8048520955559868
0.7823389327856163
0.8331434342305709
0.8100656620621114
0.8031503146091741
0.8320751437255296
0.7750809452808551
0.7752133722728376
0.7804306003114521
0.7971995652368331
0.8163299775582175
0.7936027835499567
0.8231948558202552
0.7893335432731915
0.7938038726098454
0.8069628966024943
0.8079354164616985
0.7961993347867282
0.8021113458949035
0.7823929103935734
0.8287437536092414
0.8201469835901071
0.8139349840089125
0.809077828153905
0.7893502479224567
0.8052016877423938
0.817206205634251
0.8036782807598829
0.8118961617597611
0.8133229179535426
0.803360817132079
0.8235327871949212
0.8158149650122735
0.8104056922048244
0.8052917242513228
0.8157757598267805
0.8261285407522481
0.8237280126722755
0.8043917600132685
0.8049524323343403
0.8232144817611717
0.8289764463013874
0.8230934386443348
0.8265069789178741
0.8083514364766204
0.8288453777678428
0.8094320863932907
0.8151066861356584
0.8048466556018852
0.8049911261120932
0.8259272333047478
0.8300412052809477
0.8033974838270413
0.8408149699751872
0.8079522141182561
0.8014906523802139
0.8352052227887421
0.8049728686616252
0.8247342026215316
0.8204462746018072
0.8293530760237455
0.8271306597333217
0.7985118643081168
0.8259095718320605
0.8200676686972266
0.8348947947381996
0.8275884257980944
0.8412708340189523
0.8431221334012807
0.8013606311394413
0.7990582317458806
0.8345414710759526
0.8248349374943299
0.8339953467119698
0.7954266449812117
0.8419986524306203
0.832553639565449
0.8289236341624845
0.8197660850176203
0.8209269079557607
0.8199921712834891
0.812607565066334
0.8139986544964669
0.8162216081533581
0.8310781097684344
0.8282271750202224
0.8023362829978667
0.8185346369147666
0.8055168726295339
0.8181861164123048
0.8401657864603165
0.812550957719765
0.8302255137258449
0.8234137010497665
0.8255419791288977
0.8331189903000562
0.815225549910056
0.834143328967812
0.8540695338503641
0.7898418024853806
0.8382611665327067
0.8233611732047388
0.8208010495271715
0.8378260117702329
0.806294616538023
0.8099711547819215
0.8218528835068678
0.8100038134697238
0.8327075312115525
0.8269188882679295
0.8621010973995714
0.8141311270199078
0.8142411293168493
0.8412072394640348
0.8206969914292067
0.8389072410117894
0.8326324722384151
0.8401412312460795
0.8313577619779975
0.820059780040421
0.8431711418105836
0.8111491426264001
0.825523011234182
0.8141237464593605
0.8225454835947976
0.8122913277985087
0.8102834457771853
0.838450178396968
0.823376799112968
0.8271013939113377
0.8010395251918652
0.8414305950125319
0.8251481792444368
0.8515837127295832
0.8007814517015369
0.8370125524578625
0.8379988627683653
0.8460172855192223
0.8171685506121316
0.8431933029745196
0.8387679562508564
0.8600541269542905
0.8178837988762295
0.8295240660641046
0.819366244548869
0.8419324345966569
0.8527946420106517
0.8377090834308181
0.8442957155354958
0.8443976121629874
0.8505325276851698
0.8218580653078545
0.8293684322838605
0.8329469747137104
0.8287094396154048
0.8355837805839628
0.8253735034103503
0.8362837290228462
0.8375882891813097
0.8369218109671837
0.8235767315978334
0.8531234740149989
0.8447749873579186
0.8267446330759489
0.8192601270994556
0.8571795074650603
0.8446499174005991
0.848661359004897
0.8571465952066173
0.8285186256770581
0.8543286222584037
0.8396600293584815
0.832140820167042
0.8539427006356928
0.8272653982906689
0.8125195248334682
0.8329650675849777
0.8286000446135159
0.8549108189712158
0.8249550704049907
0.8314373604116293
0.8537225736711077
0.8316790478095575
0.8379599089148078
0.823873292612004
0.8654852688478437
0.8509181317542176
0.8490065027205314
0.8412400417126248
0.8411838032288795
0.813630076418351
0.8452095635682608
0.83555922504916
0.8595997408973208
0.8528958538573523
0.8296555961656187
0.8194530109651461
0.835796672764437
0.8219649267555731
0.8431651227680865
0.821665137062461
0.8256407576636606
0.8289182943702433
0.8553219258430913
0.8263885935672308
0.8612789016196947
0.8344175718823866
0.8123910471539519
0.8479554610799049
0.8517036285427096
0.8541721357107346
0.8404567077392399
0.8371737480703928
0.8409052798424203
0.8496001258695374
0.8382220116037284
0.8474823752298427
0.836777549717618
0.8378874150396765
0.867959663763882
0.8462581926562507
0.8640112496472809
0.8578741664621035
0.8541540035060171
0.8518645587623119
0.8288925401718268
0.8333378267845435
0.850642250300295
0.8395822313953548
0.8440104920947341
0.8346189642841402
0.859033312664226
0.8456665550399922
0.8221704892228928
0.8436996346551424
0.827290969599946
0.8555324944308527
0.8297093126505949
0.8468016533516508
