0.6950256566371454
0.6577898002857347
0.6454778650590642
0.7352460088193442
0.7108869306211456
0.701691878886927
0.6616816220310736
0.6811649634709948
0.7027308441027096
0.6943702250332199
0.6926705270304094
0.7317480996021672
0.7292485915156899
0.7071600367487323
0.7018539528521273
0.7543983048974277
0.7366277249837314
0.7839682875358631
0.7564043596451051
0.8288947400976664
0.7833228471026157
0.7948131626655196
0.7859588143783386
0.7864553208940102
0.7786588974193314
0.7638625578389096
0.7350634345943288
0.7783419066568424
0.816871610925703
0.7562338754962059
0.7847901821539688
0.813740464543892
0.8168714489531428
0.8282489396852485
0.8000741359980248
0.8229970486969707
0.7972652292099567
0.7946550968044834
0.7389742980295113
0.8363143144219256
0.8332533053536275
0.8532016243762204
0.8102723134754912
0.8411057758009963
0.7950437408971813
0.8291103517959455
0.7850842741297067
0.8166382292644707
0.7944829554972496
0.8411319939046095
0.8114934036753653
0.8339327913077001
0.8063197639907237
0.8253671592864883
0.8129403603034661
0.7475713040129432
0.8093542017304578
0.8252926796941138
0.8571834696553683
0.8070210291563449
0.7789330519062004
0.8570302390014423
0.7802104587168733
0.8114053698616732
0.859330149208696
0.8390603736091327
0.7413244318522894
0.7744211169734119
0.8836047477002642
0.7842753454287628
0.8052894097756411
0.8131554911770869
0.8208775822132157
0.8265061195994543
0.8562396268057941
0.8178465025824131
0.8041326587965791
0.8434877992679677
0.8528653261776686
0.8916795754813849
0.8064546438127085
0.8007748749297152
0.8202360347088147
0.8261773285939242
0.7680667002772414
0.8168736737762601
0.8024420004468868
0.8322414952171361
0.7857504688987914
0.8140420380848786
0.8493321929041224
0.7554453972815753
0.7674510026526512
0.7554102619106233
0.8314306975032496
0.7651148081705028
0.7104228356185518
0.7945584805135433
0.7990865864701672
0.827826962034165
0.8736016794432058
0.8214418638767496
0.8129960044623685
0.7909598955932022
0.7573521605009309
0.7499571487377457
0.7914850510470985
0.7953501151420042
0.7870020024500908
0.729435823984846
0.753530603458308
0.8178041391499228
0.8612019832682396
0.7915289821846788
0.8152214557256073
0.8875719078607289
0.9047298015122642
0.7623846605592682
0.7839732975787265
0.8003838903742894
0.8169922768388032
0.8151733874211885
0.8643884780783321
0.8199258173313748
0.7777085106454402
0.7685089814271763
0.8716196516574465
0.8308628510294559
0.8428646242388235
0.7782701439262449
0.7589956293479793
0.8362377797013638
0.9000580243138124
0.8106906214494971
0.8099103882301716
0.7804074312544413
0.8795877537195469
0.8441183496046051
0.7540144064978739
0.8761546378243363
0.7716113481485655
0.851194510741089
0.835652288079892
0.7992191033196605
0.8120391718052726
0.7893645261413277
0.756395041525938
0.8448611433870601
0.790142364399099
0.8173623666934976
0.7463676594376898
0.8130751054433443
0.8325130652718096
0.7588921616415807
0.8210155398353493
0.8618003260049104
0.9042763941800862
0.819215916815871
0.8610759070942187
0.7849917818130606
0.7665039326244234
0.8679642481535762
0.8673904753674664
0.8210136573465103
0.8646288076228998
0.8813577213134499
0.8764852065517001
0.8668252286090864
0.8648889192387756
0.8435014890789164
0.8881834467978477
0.8915126938916528
0.8746711865281369
0.8419315772946966
0.9108145146159649
0.8714793461532293
0.8536302345180911
0.8521043764709484
0.8935675613759809
0.8553774058746824
0.9141204633975665
0.925765468740096
0.8957017547076503
0.8596015983241088
0.8924321619480858
0.8761555125346747
0.8789410307332481
0.8793464149569777
0.8885288512402152
0.8968738332835908
0.8921534846768381
0.8723895445911974
0.8746404849975485
0.8846257269547575
0.8758662868125351
0.8536817507673049
0.9072314376089661
0.8640381742590215
0.8875331579652874
0.8254613365881681
0.8567989489993811
0.8073731500721317
0.8339752553812237
0.873430815570336
0.8854506562758477
0.9008410324745861
0.8715334399558383
0.8336636666671163
0.8561368118318002
0.8926357091471635
0.8851471430393945
0.9106645251062708
0.852264594287704
0.8521140330265853
0.8701653298455005
0.8121213866117012
0.859560440189165
0.8382146260268444
0.8688636137999047
0.8484606866840381
0.8172874549128025
0.867620141871052
0.8527093593728743
0.8194143304749361
0.8261942446188979
0.8772622789116001
0.8305996746518483
0.8279323048115762
0.873059205066156
0.8320355982541054
0.8057163348163545
0.9160290531765511
0.8809272695949135
0.864114467772251
0.8788420781390167
0.894926132513946
0.8734908607666055
0.9236966120864578
0.8526516292399242
0.8621375143499893
0.8605332427585137
0.8699003547708897
0.9009831954927876
0.8556004375727817
0.8353980143213177
0.8030284373759672
0.9231071930550332
0.9073200901707293
0.8973201854633455
0.8279860947757441
0.8706361578548074
0.9022306653822432
0.8596158450731348
0.8839323323159253
0.8763777765785947
0.8331839206625012
0.8654259093316637
0.8221546334405583
0.8806054629030229
0.8896905122285069
0.8962138674973608
0.8950561123994454
0.8773727573844659
0.8856475399781918
0.8502088409042736
0.8778733348605987
0.8691566401272182
0.9070729045882266
0.8451912267103351
0.8745700457134131
0.8966665995455851
0.874922387736833
0.8924522548277544
0.8907597011600439
0.850617168592103
0.9237469930290372
0.8975078191137239
0.8875289789194405
0.8652643984666479
0.8231527508846455
0.8882888155712492
0.7967371741271173
0.8790669045978362
0.9059951922018386
0.9175868263288132
0.8937952695063975
0.8834310564265226
0.852186366031483
0.8818541076761743
0.8857482540494314
0.8565802066458902
0.8815772878872717
0.8847092354635556
0.8713122930287709
0.8714611388490796
0.9006065045982485
0.8698876886680955
0.83784187964041
0.7805601386785049
0.8923776686946727
