0.6338841809208713
0.6015101438954173
0.6225727703035673
0.6343552696944039
0.5939337055299273
0.6992363157434917
0.7134423172564558
0.6367992933448268
0.6973332329051962
0.6740362930581607
0.7084725992855622
0.6734217290669777
0.6959384346081999
0.7591044777966391
0.6439803692322978
0.6622464647133456
0.7400383580879388
0.7594645208476218
0.7776788495600562
0.7461843126697717
0.7538341304513085
0.7786154566274441
0.7920585556019648
0.7399932396742981
0.7931211772377935
0.7816823742549275
0.7989892871529675
0.7916767062828595
0.8179813599414254
0.8248501102706847
0.7916092698829248
0.8076499007395691
0.7542464314177268
0.8136946834168486
0.7364182907889933
0.8138469457973713
0.8138549558585085
0.7859878090846915
0.8300005866366476
0.836602080538176
0.8632140270615845
0.8303435580483489
0.8186657743909042
0.8004186252609908
0.8254829235302503
0.8767848567608565
0.7733943494144098
0.8379573491938886
0.8024395360517411
0.7987467460520956
0.8480667513118247
0.8555112169793759
0.778775734072236
0.8159195600019367
0.8750583553989207
0.8283564537972277
0.8289723243658453
0.8067069108500355
0.841929715402793
0.8747302714469305
0.7977672645329854
0.8366675142499982
0.8173180961505795
0.8076462715608855
0.8358906300752166
0.807166922107059
0.809902276878768
0.8010405308886661
0.8481943449600836
0.8641876969285993
0.8334862862679733
0.7460189836200406
0.8157279660440275
0.8017510626780556
0.8635464408961726
0.7612225150715203
0.8305120663713375
0.8027971744180038
0.8472614462715174
0.8134789892669904
0.7757007544109346
0.8207953216739524
0.8391239028797207
0.8394798109483181
0.8465828119396136
0.8482156964611625
0.8759953971217295
0.7780862783013436
0.7496825552282214
0.8000324659376886
0.8520467381870915
0.8184845805124269
0.8649380758427331
0.8362912918042532
0.844231399710153
0.8777833954249958
0.8329136652010088
0.8195724457937764
0.8244518056664496
0.8482607595465851
0.8213445489565876
0.8123820636184161
0.8281461713067667
0.8389894199164546
0.8279348619065846
0.8573347455139713
0.8604373189158908
0.8019147481446446
0.8036423754980266
0.8399225770624978
0.8254725717809311
0.814116677316969
0.8147882296017327
0.8389283139473894
0.8152461425941286
0.8240098405799714
0.8539357305566234
0.812723558765064
0.8381541100578852
0.8225757557665135
0.8351876009953552
0.8665423088318078
0.7997833490042295
0.8616200356500366
0.8917678406111372
0.8667423496361565
0.8615189513354531
0.8280401220509555
0.8275057114208092
0.8421790393522104
0.88954578660365
0.8443328289349061
0.9066943389712622
0.8841677007283234
0.8379733759763424
0.8602143791976378
0.861501787004458
0.8435390791897637
0.8656995676477953
0.8396102140633014
0.853711287076629
0.8861098973655628
0.8674166160958503
0.7975489461150194
0.87412942853697
0.8770876406423401
0.8553859640562193
0.8340816285533595
0.8459187104208313
0.8806447405472149
0.8991549345517553
0.829555561928635
0.8548631855364001
0.8882558204728115
0.8841072256642152
0.8419614631319717
0.8263483180477221
0.8719691965234414
0.8732428697910608
0.8852742237177473
0.8622703114022322
0.8467454632327392
0.868557815763328
0.8498899071753707
0.8443694198040989
0.8706340983453569
0.8914071541643068
0.8902448300444343
0.8932760484304646
0.8294938368819029
0.8612025332170843
0.8914943963396137
0.8776491304006759
0.8562896515511049
0.8734991714886453
0.8338573535723736
0.8629668539834154
0.8974158267581899
0.8738535982449569
0.8751386609951222
0.8373207270115189
0.8379774436884002
0.8794270614244711
0.8641718149288827
0.8739686474347064
0.8969043429891371
0.8996684176457859
0.8851616681238065
0.8321423592216147
0.8617294922863732
0.8890444725296807
0.8184251005137186
0.80227905476432
0.8827472748065535
0.8532518853142597
0.8378606176467885
0.8554735504637891
0.7978846975357725
0.882535377088657
0.869438200937498
0.8188504638007064
0.8615118420514463
0.8988357586899293
0.866705425248074
0.8827694465911191
0.8749922318822785
0.8987114229602142
0.8696258846595175
0.9150130060174023
0.8762631704236297
0.8804420384816108
0.9011852814613761
0.8540715806731753
0.885834392254649
0.8448568103019782
0.8685230586613109
0.8958438040360583
0.8393613516254683
0.883927093717514
0.8615046491346501
0.8871064882322024
0.8106684184093151
0.8615156827580274
0.8716244998860747
0.8830990613373126
0.898242463028964
0.8883849699389064
0.8886678075497354
0.86989436883456
0.8889587572837504
0.8881769698753728
0.8640678667154889
0.8167265152170996
0.8676243992684384
0.8628812366777125
0.8956074772651512
0.8693147800980559
0.8853558687661435
0.8817478102727975
0.9025018146261553
0.874748705376821
0.8713812401279005
0.8823473778050168
0.9327716204604222
0.8884013728678672
0.8658005041825311
0.883509227233826
0.8603889063615645
0.8821279137552732
0.8710416587715832
0.8691936678348908
0.8297090514251849
0.8791607738023239
0.8838533339881423
0.8728114921885319
0.8918405669562561
0.9179997855686646
0.8922071923909597
0.87269407302194
0.8797408320113614
0.8881391106205931
0.8798573394371747
0.8752064383125757
0.8661196682011649
0.8825363163503159
0.8662348563484057
0.8462740002964123
0.8861971468517625
0.8947997407881664
0.8829320077947704
0.8842719467664585
0.8703575469094066
0.8731239101221305
0.8763143626967252
0.883277903659591
0.8973200522982591
0.9120023527904882
0.8819849902016678
0.9037754875833443
0.9086438137287066
0.8882375606120991
0.8931207049473899
0.9103968746716656
0.8694428213607118
0.9026428341174159
0.8942199169409717
0.889150235741156
0.8763978326141479
0.8971574762601342
0.8999309463265638
0.9295099518115493
0.9170544015770078
0.8942788723862904
0.8584070376536316
0.8803965316352327
0.8857737747560874
0.891919816401278
0.8563716766440137
0.8990249153134959
0.9019476689920841
