0.7182114736730627
0.5749408337470879
0.6709791341921783
0.6872385691719828
0.7061791058048479
0.6435473746955066
0.7250339656434744
0.7137217208259709
0.7639374797980751
0.7626546292348928
0.6833536278868244
0.6774958851624618
0.6773225250025835
0.7039684204724715
0.7238555118879446
0.7226678368524693
0.7594002521079262
0.6906436541243683
0.7873118710179563
0.7135411068764654
0.7432352289031671
0.6836104380155043
0.818591012660489
0.7436795599016209
0.8214677954498667
0.768012506072002
0.7241556006968226
0.8255242921328538
0.8134924714751754
0.7756701282845009
0.7699155839249299
0.7647463264896819
0.8009151551418328
0.8308461631254532
0.7975840948709566
0.8327597093737416
0.7855569057107329
0.7782009519474403
0.8441855519170958
0.7982561496808309
0.8162351848731427
0.7945303520028814
0.8203873319613594
0.8032203094755845
0.8616174487280682
0.810468565374445
0.8448551756139964
0.8323103968823489
0.8237227695108198
0.7963973526580945
0.826528446727983
0.8020320619672262
0.8649241498220099
0.862433601196631
0.77845637934291
0.8536302105791004
0.8491574299073209
0.8290556587668283
0.8766603646128515
0.8436534548654254
0.8245367562254561
0.8134466219024601
0.8124059074440615
0.8169168655765237
0.9074575513672697
0.8400098923742944
0.8073217057436117
0.8564996606670562
0.8767657785663555
0.9047454085337092
0.8824386846604954
0.845598680213476
0.833482633421923
0.9111477483275235
0.8360866869812563
0.829586660989475
0.8664957830982096
0.8537116344311754
0.8608241964620988
0.840762516599678
0.7851652747159186
0.8564760037398098
0.8989361129623692
0.7916851180300425
0.8342330855210907
0.8638950123644744
0.87647543142835
0.9021436342626254
0.8907533440231867
0.86220461483466
0.86438091460315
0.844746597158639
0.8381709269605693
0.85106214522638
0.7628141477499677
0.875835455187028
0.8298846182975428
0.8442670188478207
0.8758823691151072
0.8942448961534968
0.8637161773740054
0.8716908557361608
0.8845721406856247
0.8271163986692329
0.8574228000531487
0.8277126272654964
0.8129889289387859
0.9003707591413027
0.8351079564177064
0.8531550639240327
0.8478151383299872
0.912444269604291
0.8528598450770677
0.8179897007918994
0.8024946265133076
0.8565244103349571
0.8036362866702825
0.8436296520674464
0.8867938202906789
0.8581516781466858
0.9030961762360853
0.860138452075366
0.8273394654120165
0.8973706054106267
0.8237163340804725
0.8566294100529444
0.8466619579796045
0.8754062407000662
0.9216903017160885
0.8835457245354107
0.8587365931782431
0.8407129512646054
0.9030326461123156
0.808578605672243
0.7958798712145742
0.8835536565823643
0.8734647837098958
0.8990948928731692
0.8107822458255036
0.9019025392813358
0.8396201068611546
0.8113756643193675
0.878313360113687
0.88143201304878
0.8468788993744887
0.8836477354666894
0.8907543460689604
0.820118753742981
0.8602673207339185
0.83471163097191
0.8231410907195705
0.8406122916226533
0.846993345674653
0.8754709108558677
0.8507273261437044
0.8367803052326475
0.8538279598791675
0.8936025619967202
0.847147420321299
0.8698491979847638
0.824894582050544
0.8423515701465465
0.8753811915942917
0.9136042279485348
0.8242299567615371
0.8357948556244603
0.8607024023427554
0.8432039404189524
0.903935995842893
0.838046133365695
0.8793081273642013
0.830079199473774
0.8297524507279368
0.8860576841012964
0.850797183852267
0.8513284081230159
0.8513612076430978
0.8646968160669152
0.9425089115440966
0.9051683702667551
0.8306192326323512
0.7998930951292087
0.8428167304307463
0.8675762377393635
0.8259883712530586
0.8222985037574823
0.8162872737334727
0.8463716919703815
0.8699520812340626
0.8608963818384027
0.8597492383196512
0.8507160043806868
0.8792519596029619
0.8220973495857807
0.8301727142366827
0.8648480739575438
0.7882362057727942
0.8862504485324901
0.7786396900644819
0.8398311336934103
0.8660617501166346
0.7899195928632037
0.8619783910660876
0.8762004349044308
0.8701694046725101
0.8628150984225043
0.9026843485159365
0.8344171815734134
0.8571436715299582
0.8939517229133749
0.9142578875804579
0.9171541501777705
0.8803047716865825
0.8270433450148067
0.8352001094547209
0.8603047602662887
0.8903359189335326
0.8987787134547848
0.9033655635814078
0.889890080556917
0.8875958136105379
0.8666961227387814
0.8614334801886777
0.820369078046736
0.8434967935287403
0.875369400207705
0.9280028784049386
0.875622221520058
0.8573676047439885
0.8743364909480011
0.9155122906897197
0.848499045598041
0.895761833481503
0.8532686301013731
0.9093529434282198
0.9264422569987106
0.8852517821919281
0.8183435289812465
0.885926139516202
0.8848494754438008
0.8732565975425842
0.890251041242035
0.8583357750927764
0.8729242745091301
0.8664847752361464
0.875360294052852
0.850267425504559
0.8384216169496195
0.8572726579138674
0.8822846905009623
0.8221214293580849
0.8736164011730029
0.8893393642364249
0.8631557440479136
0.8374621968861655
0.8542389812009835
0.8716517343178756
0.9120197964423484
0.9038436040687319
0.8696807908704349
0.8935462033888883
0.8207643983553037
0.8310949268414104
0.8984056298942816
0.8731274820650837
0.8622817139967272
0.8553573180948082
0.883120895186039
0.8912513064427733
0.8486252571884595
0.8699741967829473
0.8408745265499377
0.8769145483764469
0.8471325373381061
0.9003584146374475
0.8797155899115291
0.8321186440180963
0.8648153487386299
0.8204618190659556
0.8810114600891504
0.9058537661531725
0.9050003833766604
0.8145949208661752
0.8805223953942715
0.8998167506793526
0.8790803959496749
0.8610829147753047
0.8365691376579093
0.8782960481864743
0.8422166321166887
0.8840655178300612
0.8079536505262912
0.8925207777108837
0.9072932643623245
0.8585340068850795
0.8765007262140454
0.8754777666150714
0.854475342117977
0.8499844396793895
0.8362995541801928
