0.48144972452890844
0.5234584612940691
0.6698623766682659
0.6702427533228589
0.604207168317008
0.6564812479087002
0.66682788689148
0.5924038656501045
0.6498188421637884
0.6586109930459044
0.6437134106426503
0.5986313395074784
0.5813214296835114
0.6741288524242519
0.6912383964208274
0.6166507945993913
0.6946062591869402
0.7220347558083685
0.7002722542752953
0.6425634808628365
0.6150255429506871
0.6937057919010149
0.6552943046109049
0.6952300252503594
0.6798972043861236
0.6219394982425996
0.7244021074470942
0.7537788716830878
0.681907614672647
0.6881666535212594
0.7171864748632375
0.7439312312599643
0.7167232433201827
0.7330208208442189
0.7820738921141247
0.7518577816998726
0.7330756467223798
0.8547434598398647
0.8237004168311761
0.8649547740402512
0.838893642833354
0.7901392336807258
0.8280369278978238
0.7928573278661241
0.8413434715974164
0.8333812189647256
0.8503277263209359
0.8784021828063663
0.8537629993061284
0.8922038759356681
0.856626824814225
0.8512294513615741
0.9004463676812758
0.8286280123360716
0.8607248340004942
0.8900167616561319
0.8850018250690479
0.8416366212318145
0.8899605242509045
0.8909288941986387
0.918007950506024
0.8826861498568637
0.9079420377752492
0.8887268532512096
0.9173468389327997
0.9096113189473835
0.9440649691464704
0.9024193002192593
0.9351208554114043
0.9389795880628118
0.9459539621922118
0.9025190869413551
0.9269255073162308
0.9272959309469584
0.9171944488108374
0.9539473499263993
0.9173681461019824
0.9176507973683821
0.9105289626973374
0.8899828557727192
0.9335630508610487
0.9260887984063775
0.9491788030700177
0.9426870781181996
0.9141419564779477
0.937938589371408
0.9518112640465418
0.9449732661327381
0.9452273844414449
0.9511088705948927
0.9572446830937148
0.9460542160541554
0.9506570418110721
0.9609072749864508
0.9516278202532419
0.9553833949693209
0.9514523148502179
0.9379193978211653
0.9324314111571731
0.9381895235301625
0.9688135279617007
0.9553282819148319
0.9581221052184183
0.9674798658840251
0.943004436052421
0.9592122605118929
0.9519398059390639
0.9553866196971977
0.9664077051889478
0.9560474102284461
0.9589985389220317
0.9348997459006391
0.9330963831286498
0.9561079055156654
0.97077863966664
0.9719421038648107
0.9726963176455806
0.9592089527298382
0.9544299370999203
0.9864021412368753
0.9604812989521587
0.9489743799585494
0.9684841903867912
0.9638177526974891
0.9671003779602726
0.972870923438439
0.9731955191764449
0.9798416474790699
0.9689590676695579
0.9777450350553213
0.9762205563707207
0.9703319668250913
0.9618189660817622
0.9825418163976485
0.9715539635656038
0.9731972108792221
0.9728162058066665
0.9704470557933336
0.9866875063001391
0.9655076091428507
0.9799104096643022
0.9815118935919724
0.9655797446493812
0.9779113497397758
0.9811926739114021
0.9813401296150973
0.9832088182729473
0.98339170741418
0.9886727801395164
0.970259896132282
0.9823143127190995
0.9782629957429115
0.9802144297767038
0.9749224485583502
0.9719372543855311
0.9222466305259859
0.9800770616323747
0.9680754875401402
0.9648397349138765
0.980174124949562
0.9688579136880004
0.9903702071025451
0.9778845909131995
0.9742365540236324
0.9703844605835223
0.9770666508433903
0.9813933864598677
0.9702539892927746
0.9858655812072132
0.9842022476601169
0.9831022139823402
0.9843911100080106
0.9773784848962798
0.9775346436231758
0.9678774578619516
0.9842359785675914
0.9791961749495594
0.979206613523953
0.9750702256007105
0.987865034746936
0.9790252224596803
0.9862999850659138
0.9735414910681259
0.9818779838570162
0.9789655384527792
0.9809263380945582
0.9687282428918543
0.9778396771691854
0.985035720822172
0.9822534411031908
0.9880549404956229
0.9912773107478203
0.9816471493020572
0.9897404598640186
0.9827645047507337
0.9854392555873487
0.9787846758893926
0.9731907265115538
0.95639260308732
0.984208230073153
0.9754447687451597
0.988190250722264
0.9935820728034083
0.9803478329003907
0.9900354326590837
0.9815256077417255
0.9821591498468789
0.9776615190446852
0.9878284867170054
0.984372367286308
0.987857876889492
0.9823599538650167
0.9840456492667355
0.9627180562988041
0.9899554678887876
0.9856492175321231
0.978709783068126
0.9768886479197164
0.9887293362951315
0.9806230178209256
0.9747043456221745
0.9892475581259056
0.9797835743601222
0.9719257413655068
0.9866337318063951
0.985060181461271
0.982881383788437
0.9898076571196732
0.9882781642611012
0.9867377955442823
0.9799490718339798
0.9862165255916097
0.9812934120165439
0.9859598676723701
0.9920532241953748
0.970588674013978
0.9760645585593462
0.9874902312260716
0.9903384808400283
0.9818848225212594
0.987335088975765
0.9845375445953225
0.9774197000805893
0.9714903273377304
0.978467562897894
0.9750796949010436
0.9905551116959437
0.985892085865571
0.9785789157521512
0.9852865217288841
0.982719335473649
0.9874560186572685
0.9868210683620638
0.9792490547756774
0.9836874171854572
0.9838342788209831
0.983920918861491
0.9865535030996737
0.980979866113094
0.9846871981407013
0.9822594711850965
0.9848496209116895
0.9832616060289716
0.9738578489790161
0.9838456383953696
0.979485578023558
0.9822535561660862
0.9878233764279593
0.9825908961642089
0.990229473465499
0.9826124988294772
0.9865689891557625
0.9864954115302949
0.9900846218036982
0.986066038710504
0.9911003550870212
0.9854577299918601
0.98588899451873
0.9818239119285185
0.9821153562517859
0.9906933131749289
0.9812046583261447
0.990171477038799
0.980247498100981
0.990526240531769
0.9786867475543269
0.9904787234748333
0.9791129554150017
0.9656796446145499
0.9807968544674548
0.9852004740216254
0.9831728825149026
0.989006056555489
0.9955245970417093
0.9778616016289933
0.9800422463556441
0.988823152121306
0.9840403075180613
0.9839840567250328
0.9762387242221637
