0.3163345073039891
0.439038885401135
0.4319049197560684
0.5016781543135191
0.46749322545737215
0.48436867748435014
0.4273699998267181
0.370479727215301
0.512763224818134
0.5042434019664064
0.5528751936374623
0.549155657907203
0.5848631986978737
0.5574989315605758
0.498324029560216
0.5344888014583198
0.5153716255752769
0.6309490774583811
0.5997734835436515
0.558329866073231
0.5614865236151332
0.6126439774271003
0.6267153368399732
0.5963105891468137
0.5672107763552905
0.4895095176529386
0.5750277175899667
0.5129786112369186
0.633799742337167
0.5909759658176261
0.592620861841067
0.5794355905440335
0.5622495716135212
0.5320604566483272
0.6361024721682915
0.6191683237473918
0.5603092278338992
0.5405110971623388
0.5792951181577841
0.507717619720006
0.6362232332819174
0.6210662500108372
0.5665769538007047
0.6079587845901632
0.6773205551454075
0.6462909140610827
0.6263289387543358
0.5988924322941404
0.6265423099421054
0.600191772290027
0.6231018280064656
0.6098125847068622
0.6119116453862659
0.6942317021308582
0.6539688709098324
0.6430181001260489
0.7157130391190039
0.6538115089372145
0.663822728806375
0.6734568121733482
0.7538058753922093
0.7094238565517347
0.7704295736074698
0.6675241113359869
0.7138129959967942
0.7249118254637453
0.7680776988719973
0.7504049252316118
0.7608974221217866
0.7851341831436605
0.7993841723430148
0.7254774613851952
0.7256910344643238
0.7896823508184934
0.7900166471014439
0.8588603283534375
0.7989810520208136
0.8007188317954158
0.8443428067660855
0.8278391109615951
0.8506337661206157
0.857948330260802
0.8443118297356346
0.8484110761908832
0.8643121710403909
0.8876068314831913
0.8807376725114491
0.9143626497184248
0.8896087271886444
0.8740488125176867
0.8636841375047878
0.8871372958243564
0.9010635889304306
0.873807767498515
0.8714787139379612
0.8879841086089127
0.9043568425737986
0.8935037137987727
0.9214109846313476
0.9180444584312177
0.901420385052392
0.9063400518626812
0.8951144465988168
0.9267223541271967
0.9118358781268142
0.9274147374215115
0.907048148754785
0.9229824733405236
0.9188650435933375
0.9218632984024575
0.9362439350642628
0.9335656044088372
0.9386385355813344
0.9276699513800486
0.9345082302043941
0.9337830482778126
0.9561739896805083
0.9241594697300733
0.9446405831695179
0.9540388120919067
0.9271839269286005
0.9562912063517993
0.9420254464018912
0.9409394662440087
0.94494079939995
0.9473882553071082
0.9557823118164362
0.9474761450091981
0.937765979838837
0.95989804318261
0.9567718186231451
0.949454958706038
0.9427644381710897
0.9463817324025353
0.9492653080393809
0.9609535505405594
0.9626254167651223
0.9470137292028162
0.9448888415758863
0.9459630624837526
0.9493655672309028
0.9451300058200175
0.9634814318686775
0.9680955236855784
0.9583378831577489
0.9521537748116516
0.9649487296932954
0.9531386710998195
0.9693815519509457
0.9605939506415216
0.968594679805552
0.9551053634898852
0.9639316188787689
0.9532541126199796
0.9594835814338601
0.9600589978090948
0.9639272296906632
0.9750379945462212
0.9626966948122057
0.9564314711949589
0.9601655503594069
0.97077052490237
0.9719195450133521
0.9711758831919163
0.9603284806295737
0.969537042541028
0.9740292864039122
0.9726354210641052
0.9714769495582415
0.9774237810197285
0.9717762061322961
0.9743650657982513
0.9715225429380361
0.9684311901706513
0.9692815156275485
0.9683753516334679
0.9697748958858196
0.9696743426890071
0.9677139945970534
0.9761715834184219
0.9762747570210678
0.9729212864744197
0.9711314674977114
0.9791322903024335
0.9735485512736639
0.9800460609269075
0.9818666348922431
0.9710969667947325
0.9680124662146083
0.9728864067594429
0.9699602692817315
0.972985089997735
0.9758888640206793
0.9691002898964388
0.9739601401032403
0.9751388764416609
0.9749210465013676
0.9786376715947132
0.9764271643718685
0.9778701056384872
0.9732201516102199
0.9718545319836837
0.9745578870099003
0.9807662543219214
0.9768279612818441
0.9807733206515538
0.9825651035543732
0.9760202602322738
0.9822498380275826
0.9766840959045533
0.980237827834538
0.9787439986790945
0.9762798731390163
0.9710400852615511
0.9750930171809028
0.9725724737384125
0.9856139075401551
0.9777645678402473
0.9778278399220073
0.9834340379189939
0.9779605111682498
0.980142591457607
0.9781483859351816
0.9831235424558002
0.9815224562879721
0.9726232718166422
0.9787340554944747
0.9733283534935382
0.9793607019037737
0.9811090536722936
0.9816055203281089
0.9770620663556755
0.9789203679298808
0.9824230060191927
0.9804523383985165
0.9759471120259707
0.9788925352907126
0.9819406791362028
0.9824286131097711
0.9853662006089972
0.9797138432626514
0.9755127037151696
0.9733454484571809
0.975607267698253
0.9829662340182578
0.9826108172606036
0.9817818798051716
0.9750878618533412
0.9795652063680229
0.9777706522771625
0.9765458174828261
0.9803449686538694
0.9820144811576664
0.9752526505005659
0.9780054914130126
0.9730537924232839
0.9833534148550218
0.9748318636859772
0.9785226935273472
0.9797335598983217
0.9811970924681651
0.9838917406759787
0.9804921919846799
0.9814388023596725
0.9775620406738115
0.9800418707581772
0.9787832621586497
0.9744091031331619
0.9794362590583304
0.9841941234404465
0.9833554823908349
0.9845118871046534
0.9842991062393663
0.9814033370350816
0.9828155288695571
0.9790317884460752
0.987835723554093
0.9807435296715296
0.9812516024344051
0.9840518768494185
0.9777032587346681
0.9810115802748358
0.9808121163459035
0.984213184660959
0.9791569997540416
0.9837477847065973
0.9762640948688315
0.9860829901830146
0.9785669063929212
0.9828510308299105
0.9810136889726726
0.9807342999676647
0.9834183551213542
0.98214720772641
0.9825576954587548
0.9807777350975588
0.9787957318935827
0.9819173828237486
0.9818138205562802
0.9849530020132444
